3000 10000
0 293
0 498
0 706
0 1996
0 2777
1 711
1 735
1 1061
1 1530
1 1730
1 1839
2 522
2 554
2 2611
3 185
3 429
3 725
3 988
3 1101
3 1544
3 1933
3 2783
3 2868
4 59
4 355
4 508
4 2463
4 2844
5 20
5 47
5 373
5 606
5 733
5 1440
5 2495
5 2694
5 2737
5 2988
6 576
6 1142
6 1373
6 1433
6 2536
6 2833
7 316
7 1120
7 1470
7 2220
7 2426
7 2474
7 2705
8 548
8 995
8 1968
8 2644
8 2693
9 88
9 250
9 559
9 1065
9 1520
9 1843
9 2114
9 2214
9 2239
10 124
10 394
10 458
10 586
10 795
10 2027
10 2765
10 2910
10 2978
11 70
11 316
11 335
11 713
11 2171
12 58
12 878
12 1367
12 1412
13 164
13 242
13 800
13 822
13 1791
13 1887
13 1908
13 2521
14 874
14 1293
14 2084
14 2116
14 2158
14 2448
14 2535
15 586
15 604
15 850
15 1395
15 2350
15 2791
15 2852
16 1249
16 2016
16 2039
16 2975
17 1854
17 2235
17 2287
18 53
18 1179
18 2020
18 2175
18 2361
18 2439
18 2535
19 79
19 1870
19 1912
19 2078
19 2755
20 94
20 805
20 1039
20 1374
20 1493
20 1649
20 2877
20 2949
21 432
21 630
21 738
21 1664
21 2025
21 2731
21 2815
22 540
22 723
22 1207
22 1441
22 2542
23 2092
23 2510
24 241
24 458
24 746
24 1157
24 2705
25 79
25 606
25 1153
25 1909
25 2047
25 2826
25 2890
26 1453
26 1608
26 1701
27 499
27 1211
27 1594
27 2121
27 2579
27 2898
28 184
28 315
28 411
28 537
28 1862
28 2158
28 2301
28 2962
28 2985
29 770
29 931
29 1517
29 1532
29 1764
29 2480
29 2505
29 2990
30 75
30 198
30 776
30 1258
30 2141
30 2373
31 236
31 807
31 1329
31 1515
31 1760
31 1957
31 2143
31 2562
31 2735
32 512
32 729
32 996
32 1072
32 1790
32 2430
32 2535
32 2799
33 484
33 539
33 1198
33 1413
33 1668
33 2268
34 1180
34 1415
34 1582
34 2024
34 2375
34 2469
35 293
35 832
35 1244
35 1868
35 2215
35 2434
36 436
36 729
36 1143
36 1740
36 1863
36 2390
36 2828
37 172
37 650
37 1112
37 1284
37 2307
37 2508
37 2736
38 345
38 422
38 438
38 585
38 721
38 1174
38 2027
39 430
39 507
39 1422
39 1716
39 2991
40 162
40 329
40 388
40 1539
40 1948
40 2801
41 201
41 360
41 406
41 695
41 1099
41 2127
41 2280
41 2847
42 506
42 517
42 910
42 1209
42 1808
42 2292
42 2301
42 2463
43 409
43 892
43 2014
44 72
44 93
44 811
44 1651
44 1947
44 2160
44 2255
44 2573
44 2686
45 279
45 357
45 1949
45 2082
45 2487
45 2863
46 401
46 1764
46 2323
46 2516
46 2569
46 2759
46 2871
47 483
47 918
47 2461
47 2875
48 65
48 252
48 534
48 611
48 1385
48 2064
48 2261
48 2690
48 2785
49 282
49 410
49 564
49 1134
49 1369
49 1856
49 2256
49 2621
49 2898
50 138
50 589
50 1278
50 2202
50 2411
50 2853
50 2915
51 65
51 130
51 285
51 309
51 514
51 1529
51 1565
51 2159
51 2774
52 619
52 831
52 1354
52 1615
52 2348
52 2391
53 773
53 960
53 1136
53 1610
53 2101
53 2441
53 2829
53 2972
54 137
54 516
54 1839
54 2705
54 2772
55 253
55 452
55 857
55 1452
55 1562
55 1875
55 2437
55 2971
56 895
56 1142
56 1327
56 1631
56 1867
56 1986
56 2031
56 2332
56 2353
56 2432
57 1417
57 1646
57 2125
57 2339
57 2448
57 2774
58 114
58 280
58 1035
58 1594
58 2064
58 2619
59 230
59 500
59 549
59 1491
59 2183
60 370
60 1770
60 1957
60 2586
60 2937
61 391
61 534
61 707
61 935
61 1284
61 2700
61 2906
62 555
62 1828
62 2240
62 2854
63 322
63 573
63 593
63 796
63 896
63 1559
63 1820
63 1908
63 2396
63 2481
64 605
64 2856
65 199
65 697
65 1108
65 1122
65 1190
65 1277
65 1505
65 1563
65 1898
65 2348
65 2576
65 2757
65 2758
66 443
66 1267
66 1465
66 2942
67 118
67 481
67 581
67 1282
67 1513
67 2334
67 2407
67 2424
67 2601
67 2863
67 2996
68 284
68 582
68 669
68 1491
68 1917
68 2790
69 112
69 656
69 925
69 1224
69 1460
69 2566
69 2646
70 243
70 723
70 772
70 856
70 1789
70 2108
71 271
71 2226
71 2315
71 2595
71 2934
71 2998
72 567
72 1022
72 2085
72 2470
72 2823
72 2956
73 193
73 391
73 521
73 814
73 1077
73 1272
73 1729
73 1978
74 960
74 1309
74 1340
74 1818
74 2031
74 2963
74 2976
75 367
75 444
75 840
75 1180
75 1480
75 1662
75 1866
75 2180
76 1323
76 1671
76 1825
76 2045
76 2055
76 2274
76 2307
77 644
77 1558
77 2348
77 2569
78 735
78 1698
78 2486
79 91
79 146
79 224
79 547
79 766
79 976
79 1295
79 1300
79 1311
79 1523
79 1726
79 1872
80 1561
80 2058
80 2123
81 341
81 368
81 2072
81 2745
82 438
82 675
82 1263
82 1481
82 1635
82 1937
82 2559
83 549
83 868
83 1854
83 1895
83 2071
83 2078
83 2116
83 2335
84 691
84 1221
84 1256
84 1602
84 2822
84 2955
85 399
85 1042
85 2533
86 1232
86 1396
86 2148
86 2486
86 2627
86 2906
87 323
87 402
87 822
87 844
87 1211
87 1368
87 1641
87 1698
87 1932
87 1944
87 2444
87 2590
87 2793
87 2967
88 969
88 1133
88 1486
88 1702
88 1709
88 2366
88 2554
88 2675
88 2983
89 946
89 1411
89 2268
89 2733
89 2740
90 439
90 1162
90 1691
90 1729
90 2325
90 2351
91 424
91 1243
91 1261
91 1263
91 1517
91 1751
91 2675
92 234
92 1012
92 1022
92 1267
92 1296
92 1416
92 1631
92 1789
92 1813
92 2807
92 2967
93 481
93 662
93 684
93 1986
93 2113
93 2159
93 2194
93 2242
93 2251
94 183
94 405
94 1122
94 1168
94 1189
94 1227
95 563
95 948
95 1759
95 2298
96 438
96 720
96 821
96 1751
96 2262
96 2266
96 2322
96 2939
97 314
97 563
97 1188
97 1533
97 2385
97 2705
97 2768
98 570
98 827
98 879
98 930
98 1012
98 1514
98 1638
98 1804
98 2073
98 2452
98 2624
99 318
99 1346
99 1820
99 1958
99 2288
99 2519
99 2781
100 573
100 675
100 769
100 1144
100 1439
100 1625
100 2734
101 738
101 1052
101 1095
101 1833
101 2761
102 1640
102 2071
102 2267
102 2387
102 2395
102 2573
102 2662
102 2813
102 2916
103 147
103 490
103 605
103 1170
103 2606
104 268
104 398
104 761
104 801
104 1265
104 1382
104 1791
104 1843
104 2019
104 2855
105 164
105 175
105 632
105 1334
105 2666
105 2796
106 1326
106 2041
107 823
107 1440
107 1504
107 1814
107 1931
107 2506
108 120
108 197
108 995
108 1462
108 1502
108 2907
109 1227
109 1390
109 2995
110 1140
110 1258
110 1662
110 2043
110 2207
111 118
111 177
111 385
111 1106
111 1694
111 1704
111 1801
111 1958
111 2090
111 2099
111 2208
111 2219
111 2527
111 2596
111 2994
112 851
112 1046
112 1361
112 1642
112 1684
112 2031
112 2281
112 2619
112 2838
112 2923
113 468
113 490
113 858
113 1402
113 1877
114 800
114 913
114 1241
114 1284
114 2012
114 2252
114 2287
114 2798
114 2862
115 153
115 620
115 736
115 1195
115 1295
115 1554
115 1929
115 2928
116 1033
116 1143
116 2595
116 2702
117 1985
117 2399
118 163
118 591
118 846
118 923
119 729
119 1278
119 1482
119 1856
119 2261
119 2730
120 1081
120 1239
120 1534
120 2078
120 2260
120 2326
121 516
121 550
121 722
121 988
121 1212
121 1538
121 1789
121 1881
121 2105
121 2300
121 2520
121 2720
121 2767
121 2929
122 149
122 543
122 1268
122 1331
122 1399
122 1588
122 2003
122 2313
122 2478
123 373
123 1086
123 1760
123 2490
123 2545
124 447
124 453
124 922
124 1021
124 1108
124 1304
124 1585
124 1816
124 2370
124 2999
125 637
125 896
125 966
125 1272
125 1624
125 2042
125 2278
125 2817
126 360
126 545
126 559
126 1055
126 1495
126 1759
126 2001
126 2055
127 296
127 560
127 1099
127 2357
127 2787
128 332
128 1133
128 1378
128 2305
128 2451
128 2546
128 2777
128 2840
128 2893
129 1091
129 1094
129 1881
129 2354
129 2426
130 622
130 811
130 1175
130 1341
130 1526
130 1970
130 2615
131 375
131 840
131 860
131 948
131 1569
131 2655
131 2791
131 2968
132 1543
132 2225
132 2443
132 2557
132 2596
132 2790
133 762
133 992
133 1109
133 1651
133 1779
133 1814
133 1865
133 1973
133 2266
134 355
134 392
134 761
134 960
134 2483
134 2583
134 2734
135 410
135 496
135 744
135 1380
135 1619
135 2020
135 2134
135 2670
135 2880
135 2933
136 292
136 1155
136 1841
136 2010
136 2289
137 304
137 336
137 348
137 677
137 1083
137 1413
138 176
138 324
138 787
138 859
138 1510
138 1808
138 2137
138 2351
139 344
139 404
139 1990
139 2087
140 427
140 577
140 817
140 1974
140 2121
140 2526
141 432
141 477
141 531
141 1448
141 1729
141 1855
141 2045
141 2187
141 2194
141 2644
141 2678
142 574
142 764
142 2052
142 2744
143 1026
143 1394
143 2194
143 2506
143 2842
144 452
144 882
144 1797
144 2829
145 337
145 429
145 716
145 1440
145 1441
145 1501
146 606
146 938
146 1001
146 1631
146 1787
146 2180
147 256
147 359
147 572
147 719
147 1203
147 1347
147 2434
147 2563
148 663
148 846
148 1525
148 2275
148 2319
148 2700
149 317
149 1047
149 1263
149 1372
149 2381
149 2654
149 2926
150 332
150 563
150 698
150 829
150 1782
150 1943
150 1992
150 2013
151 170
151 324
151 770
151 1144
151 1287
151 1771
151 1815
151 1947
152 826
152 1338
152 2042
152 2350
153 268
153 528
153 544
153 806
153 1264
153 1500
153 1596
153 2306
153 2887
154 483
154 527
154 713
154 1724
155 171
155 623
155 719
155 818
155 1239
155 1376
155 2541
156 462
156 1921
156 2895
157 349
157 766
157 1165
157 1253
157 1579
157 1722
157 1819
157 2698
157 2997
158 346
158 1117
158 1456
158 2397
159 358
159 1154
159 1619
159 1905
159 2654
160 228
160 300
160 1044
160 1403
160 1573
160 1635
160 2976
161 202
161 222
161 268
161 337
161 495
161 656
161 801
161 1026
161 1110
161 1112
161 1707
162 1066
162 1303
162 2256
162 2831
162 2939
162 2957
163 426
163 433
163 697
163 1251
163 1294
163 1829
163 2629
163 2656
164 657
164 1094
164 1099
164 1419
165 611
165 746
165 958
165 1363
165 1872
165 2116
165 2722
166 784
166 1333
166 1680
166 1724
166 2772
166 2989
167 629
167 659
167 898
167 969
167 1871
168 225
168 287
168 403
168 1332
168 2348
168 2635
169 334
169 441
169 1948
169 2775
170 503
170 2032
170 2443
171 1061
171 2011
171 2197
171 2592
171 2679
171 2940
172 756
172 1509
172 1552
172 1651
172 1859
172 1905
172 1958
172 2019
172 2208
172 2324
172 2388
173 1518
173 1758
173 2125
173 2159
173 2339
173 2931
174 1524
174 1899
174 2048
174 2966
175 677
175 933
175 1755
175 2286
175 2433
175 2959
176 1698
176 2200
176 2739
177 874
177 1214
177 1241
177 1481
177 2638
178 219
178 417
178 767
178 2609
178 2861
179 402
179 564
179 1518
179 2193
179 2248
179 2552
179 2896
180 571
180 949
180 970
180 1664
180 2260
180 2322
180 2433
180 2863
180 2948
181 1169
181 1223
181 1700
181 1864
181 2198
182 527
182 908
182 1571
182 2137
182 2244
182 2382
182 2430
182 2431
183 289
183 2230
184 406
184 575
184 660
184 737
184 785
184 1102
184 1710
184 2690
185 858
185 926
185 1731
185 1849
185 2405
186 254
186 703
186 1291
186 1991
186 2082
186 2187
186 2260
186 2811
187 710
187 1575
187 1834
187 2755
188 405
188 864
188 1958
188 2931
188 2998
189 598
189 850
189 933
189 1419
189 1497
189 2665
190 315
190 657
190 660
190 807
190 1187
190 1367
190 1406
190 2354
190 2374
190 2387
190 2447
190 2466
190 2522
191 749
191 1046
191 1261
191 1494
191 2345
192 367
192 782
192 2776
192 2926
192 2944
193 603
193 1447
193 2123
193 2976
194 701
194 1216
194 1293
194 1304
194 1400
194 2753
194 2992
195 569
195 1382
195 2286
195 2524
196 430
196 443
196 635
196 742
196 928
197 1249
197 1449
197 1568
197 1637
197 2070
197 2302
198 370
198 617
198 715
198 1007
198 1461
198 2684
198 2914
199 1616
199 2257
199 2527
199 2566
200 345
200 763
200 1109
200 1953
200 2155
200 2367
200 2434
200 2869
201 2183
201 2605
202 735
202 1066
202 1071
202 1188
202 1590
202 1712
202 2432
202 2488
202 2737
203 633
203 684
203 689
203 1047
203 1107
203 1797
203 1822
203 1990
203 2227
203 2985
204 505
204 517
204 1258
204 1972
204 2103
204 2290
204 2713
205 788
205 1106
205 1422
205 1821
205 1949
205 2098
205 2328
206 369
206 375
206 845
206 1059
206 1451
206 1948
206 2195
206 2387
206 2544
206 2680
207 965
207 1336
207 1459
207 1734
207 1789
207 2606
207 2778
208 331
208 1028
208 1061
208 1839
208 1964
208 2218
208 2450
209 2025
209 2621
210 281
210 1097
210 2412
210 2759
210 2781
210 2797
210 2975
211 422
211 757
211 1889
211 1913
211 2052
211 2177
211 2471
211 2829
212 797
212 1036
212 1430
212 1996
212 2254
213 627
213 915
213 1109
213 1312
213 2536
214 323
214 2152
214 2452
214 2953
215 289
215 701
215 1845
216 262
216 335
216 1513
216 1949
216 1957
216 2295
216 2570
217 489
217 1407
217 1521
217 2733
217 2978
218 611
218 749
218 939
218 959
218 1137
218 1254
218 1597
218 1965
218 2763
219 956
219 1249
219 1339
219 1431
219 1487
219 1974
219 2011
219 2649
220 423
220 550
220 562
220 700
220 948
220 1208
220 1668
221 414
221 856
221 1322
221 1464
221 1809
221 2649
221 2790
222 368
222 653
222 684
222 728
222 982
222 1198
222 1285
222 1818
222 2075
223 301
223 551
223 899
223 2056
223 2069
223 2080
223 2616
224 663
224 762
224 969
224 1268
224 1655
224 2215
224 2547
225 627
226 1077
226 2224
226 2235
226 2447
226 2667
227 1414
227 2368
227 2859
228 609
228 1207
228 1259
228 1309
228 1874
228 2219
228 2776
229 234
229 444
229 2168
229 2581
230 988
230 1268
230 1596
230 2201
230 2576
230 2793
231 738
231 1030
231 1204
231 2210
231 2434
232 588
232 606
232 1159
232 1381
232 1594
232 1662
232 1697
233 252
233 1328
233 1870
233 2569
234 237
234 675
234 1155
234 1735
234 1975
234 2567
234 2866
235 345
235 2108
235 2464
235 2711
236 1179
236 1731
236 1856
236 2545
236 2853
237 1364
237 2592
238 1154
238 1484
238 1798
238 2071
238 2176
238 2368
238 2403
238 2680
238 2999
239 414
239 999
239 1984
239 2272
239 2506
240 728
240 780
240 800
240 1149
240 1884
240 2186
240 2455
240 2904
241 870
241 1073
241 2333
241 2985
242 947
242 2226
242 2434
242 2509
242 2740
242 2860
243 523
243 554
243 851
243 1183
243 1263
243 1589
243 2472
243 2664
243 2838
243 2898
244 969
244 1059
244 1704
244 2014
245 374
245 452
246 263
246 459
246 2203
246 2422
246 2738
247 542
247 725
247 848
247 1507
247 1789
247 1826
247 1904
247 2131
247 2196
247 2658
247 2781
248 427
248 693
248 1017
248 2243
248 2672
248 2935
249 566
249 1098
249 2202
249 2403
250 296
250 2321
250 2539
251 334
251 352
251 2101
251 2664
252 1963
253 999
253 1156
253 1819
253 2003
253 2139
253 2152
254 430
254 580
254 739
254 1408
254 1640
254 2343
254 2973
255 410
255 760
255 805
255 2524
256 817
256 846
256 1794
256 2051
256 2752
256 2817
257 1383
257 1645
257 2153
257 2874
258 432
258 508
258 1342
258 1421
258 1500
258 2126
258 2766
259 1074
259 1196
259 1210
259 1243
259 1307
259 1945
259 2804
260 359
260 1818
260 1960
260 2573
261 492
261 934
261 1516
261 1659
261 1703
261 1954
261 2049
262 730
262 871
262 1623
262 2304
262 2842
263 589
263 1137
263 1534
263 1620
263 1851
264 993
264 2533
264 2861
265 676
265 1902
265 2068
265 2218
265 2861
265 2959
265 2994
266 345
266 557
266 600
266 1284
266 1628
266 1739
266 2330
266 2712
266 2875
267 331
267 805
267 1102
267 2127
267 2456
267 2799
267 2859
267 2967
268 763
268 1806
268 2834
269 737
269 1849
269 1917
269 2067
269 2132
269 2333
269 2746
269 2822
270 442
270 797
270 1433
270 2501
271 727
271 841
271 2544
272 363
272 369
272 827
272 1860
272 2440
272 2746
273 340
273 355
273 1112
273 1345
273 1364
273 1408
273 2238
273 2334
273 2493
273 2496
273 2757
274 708
274 903
274 1046
274 1165
274 1752
274 1920
275 617
275 1151
275 1358
275 1449
275 2039
275 2505
276 506
276 1004
276 1043
276 1125
276 1496
276 1539
276 2338
276 2696
277 1208
277 2344
277 2725
278 289
278 907
278 910
278 1757
278 2630
278 2661
278 2956
278 2973
279 358
279 1092
279 1257
279 1495
280 391
280 428
280 500
280 614
280 681
280 1327
280 1355
280 1485
280 1850
280 2092
280 2590
280 2771
280 2809
281 1528
281 1962
282 297
282 1273
282 1812
282 2171
282 2254
282 2716
282 2859
283 664
283 1188
283 2859
284 420
284 1304
284 1599
284 2342
284 2483
285 386
285 506
285 781
285 1785
285 1852
285 2012
285 2958
286 603
286 747
286 1458
286 1460
286 1575
286 1711
286 2164
286 2496
286 2647
287 540
287 671
287 938
287 1171
287 1999
287 2326
288 493
288 1245
288 1296
288 1810
288 1815
288 2263
288 2652
289 334
289 358
289 1928
289 2402
289 2452
290 347
290 449
290 1208
290 1295
290 1423
290 2297
291 361
291 496
291 783
291 970
291 1583
291 1891
291 2131
291 2234
291 2239
291 2396
291 2422
291 2689
292 324
292 329
292 510
292 1146
292 1468
292 2558
293 1560
293 2088
293 2531
293 2653
293 2857
294 478
294 1631
295 1285
295 1385
295 1563
295 2011
296 595
296 789
296 815
296 1029
296 1096
296 1101
296 1228
296 1328
296 1470
297 485
297 581
297 764
297 847
297 1402
297 1431
297 1488
298 515
298 1349
298 1471
298 1595
298 1986
298 2169
299 385
299 484
299 487
299 713
299 719
299 2102
299 2215
299 2418
299 2975
300 371
300 417
300 790
300 1487
300 1508
300 1871
300 2164
300 2271
300 2329
300 2634
301 493
301 694
301 1409
301 1768
301 1933
301 2307
301 2918
302 580
302 923
302 1596
302 1915
302 1983
302 2881
303 1229
303 1395
303 2153
303 2918
304 1028
304 2145
305 1005
305 1388
305 1776
305 1835
305 1926
305 2615
306 802
306 1068
306 1849
306 2963
307 414
307 418
307 1051
307 1353
307 2038
307 2089
307 2228
307 2253
307 2776
308 366
308 541
308 573
308 1289
308 2292
308 2449
309 496
309 1269
309 1461
309 2392
310 369
310 438
310 620
310 944
310 1580
310 2158
310 2611
310 2625
310 2778
311 917
311 996
311 1388
311 1588
311 2443
312 648
312 827
312 1867
312 2398
313 506
313 1779
313 2725
314 712
314 1825
314 2471
314 2589
315 678
315 1339
315 1361
315 1619
315 2120
315 2374
315 2429
315 2514
315 2515
315 2905
315 2971
316 598
316 875
316 911
316 2237
316 2276
316 2345
316 2427
316 2531
316 2915
317 1060
317 1275
317 1361
317 1511
317 1662
317 1678
318 993
318 1210
318 1235
318 2080
318 2143
318 2849
319 321
319 467
319 553
319 1565
319 2014
319 2240
319 2272
319 2988
320 492
320 738
320 1615
320 2007
321 503
321 824
321 2623
322 479
323 529
323 609
323 1722
323 1889
323 1974
323 1996
323 2554
323 2996
324 978
324 2600
324 2876
325 612
325 899
325 1256
325 1716
325 1722
325 1774
325 1895
325 2880
325 2959
326 741
327 833
327 1022
327 1953
327 2315
327 2519
327 2694
328 835
328 1196
328 1903
328 2618
329 332
329 998
329 1014
329 1842
329 2486
329 2884
329 2914
329 2961
330 501
330 804
330 860
330 1198
330 2125
330 2421
330 2678
330 2864
331 490
331 714
331 836
331 1419
331 2513
332 558
332 590
332 998
332 1153
332 1978
332 2333
333 356
333 397
333 531
333 888
333 1579
333 1695
333 2842
333 2988
334 509
334 1005
334 1151
334 1226
334 1602
334 1708
334 1754
334 2041
334 2742
334 2979
335 1361
336 1192
336 1260
336 2003
336 2034
336 2568
336 2748
337 397
337 737
337 1415
337 1541
337 1704
337 2762
337 2974
338 403
338 1409
338 1608
338 2153
338 2306
338 2624
338 2879
339 958
339 1414
339 1494
339 2099
340 739
340 1088
340 2108
340 2327
340 2602
340 2701
341 1128
341 1261
341 2711
341 2849
342 552
342 1223
342 2094
342 2392
342 2574
342 2773
343 467
343 629
343 1246
343 1811
343 1842
343 1924
343 2039
343 2944
344 1322
344 1454
344 1612
344 2088
344 2112
344 2141
344 2222
344 2503
344 2833
344 2846
344 2968
345 520
345 825
345 1104
345 1337
345 1452
345 1460
345 1777
345 2914
346 841
346 872
346 1273
346 2161
346 2198
346 2204
346 2231
346 2500
346 2795
347 1726
347 2668
347 2785
347 2796
348 953
348 1297
348 1362
348 2913
349 490
349 570
349 1715
349 1870
350 730
350 896
350 2008
350 2510
351 610
351 687
351 1892
351 2049
351 2520
351 2615
352 690
352 814
352 1895
353 398
353 716
353 1708
353 1709
353 2527
354 545
354 618
354 1155
354 1471
354 2092
354 2121
354 2453
354 2645
354 2739
354 2919
355 686
355 1368
355 1977
355 2324
356 467
356 509
356 584
356 629
356 696
356 988
356 1107
356 1579
356 1670
356 1674
357 740
357 2132
358 641
358 668
358 1265
358 1499
358 1760
358 2281
358 2600
358 2780
359 462
359 602
359 692
359 916
359 1796
359 1904
359 2154
359 2562
359 2995
360 1028
360 1572
360 2023
360 2054
360 2403
360 2614
361 1726
361 1740
361 2309
361 2552
361 2819
362 455
362 531
362 601
362 657
362 839
362 880
362 1410
362 1813
362 1973
362 2654
362 2845
363 459
363 948
363 1303
363 1583
363 1656
363 2066
363 2091
363 2168
363 2170
364 964
364 1138
364 1463
364 1577
364 2443
365 457
365 663
365 689
365 1009
365 2019
366 927
366 1631
366 1899
366 2113
366 2146
366 2181
367 457
367 1760
367 2624
368 1279
369 431
369 472
369 874
369 924
369 940
369 1840
369 1891
369 2612
369 2811
370 374
370 1113
370 1844
370 2130
370 2729
371 443
371 631
371 1822
371 2348
371 2635
372 1202
372 1781
372 2062
372 2462
372 2547
373 692
373 826
373 1076
373 1182
373 1584
373 2042
373 2390
374 896
374 2203
374 2438
374 2568
375 668
375 1351
375 1647
375 1742
375 2295
375 2441
376 750
376 1058
376 1191
376 1613
376 2759
377 899
377 939
377 986
377 2071
377 2381
377 2418
377 2709
377 2882
378 1835
378 2214
378 2412
378 2696
379 458
379 1051
379 2939
379 2987
380 750
380 1010
380 1142
380 1291
380 1622
380 1900
380 1919
380 2943
380 2990
381 587
381 1505
381 1530
381 1669
381 2031
381 2742
382 1457
382 2071
382 2547
383 466
383 1126
383 1330
383 1477
383 2741
383 2772
384 429
384 1548
384 1756
384 1937
384 2595
385 489
385 946
385 1025
385 1471
385 2402
385 2847
386 405
386 2103
386 2186
386 2294
386 2664
386 2818
386 2925
387 949
387 1864
387 2264
387 2346
387 2515
387 2837
387 2845
388 442
388 739
388 1962
388 2248
389 558
389 1197
389 1933
389 2277
390 880
390 917
390 2117
390 2860
390 2877
390 2940
391 400
391 492
391 818
391 1376
391 1510
391 2730
391 2993
392 1349
392 2425
392 2476
392 2532
393 428
393 518
393 811
393 954
393 1059
393 1567
393 1922
393 2690
393 2974
394 857
394 940
394 2047
395 883
395 2123
395 2760
396 754
396 944
396 1632
396 2246
396 2363
396 2792
397 1665
397 1878
397 2201
397 2518
397 2774
397 2832
398 602
398 1453
398 1687
398 2313
398 2482
398 2604
399 886
399 1816
399 2451
400 510
400 2126
400 2401
401 1012
401 1180
401 1512
401 2271
401 2363
401 2781
402 552
402 2103
402 2131
402 2169
402 2405
402 2419
402 2684
403 730
403 1067
403 1969
403 1998
403 2203
403 2230
404 943
404 1557
404 1731
404 2824
404 2952
405 797
405 1868
405 2153
405 2207
405 2942
406 434
406 745
406 887
406 995
406 1229
406 1954
406 2141
406 2594
406 2738
406 2951
407 550
407 713
407 772
408 1460
408 1523
408 2175
408 2506
408 2595
409 459
409 744
409 1550
409 2022
409 2245
409 2334
409 2553
410 625
410 767
410 1459
410 2914
411 1151
411 1219
411 1966
411 2528
412 2355
412 2926
413 1443
413 2658
414 591
414 631
414 719
414 1161
414 1486
414 1980
414 2363
414 2739
414 2917
415 931
415 1717
415 2038
415 2052
415 2464
415 2976
416 708
416 1093
416 1785
416 1857
416 1873
416 2008
416 2275
416 2414
416 2449
417 2072
417 2802
418 723
418 888
418 1586
418 1696
418 2762
419 616
419 906
419 1003
419 1716
419 1773
419 2273
419 2330
419 2458
419 2502
420 787
420 1172
420 1593
420 1870
420 2630
420 2842
421 443
421 852
421 960
421 1269
421 1620
421 2214
421 2697
421 2700
421 2880
422 523
422 690
422 937
422 1244
422 1539
423 555
423 978
423 1739
423 1937
423 2292
424 672
424 703
424 753
424 905
424 951
424 1401
424 2029
424 2831
425 1089
425 1801
426 531
426 551
426 822
426 1281
426 1358
426 1423
426 2064
426 2626
427 903
427 1236
427 1290
427 2937
428 968
428 1132
428 1282
428 1294
428 1691
428 2803
429 446
429 676
429 871
429 1145
429 2183
429 2493
429 2522
429 2907
430 1072
430 1421
430 1500
430 1810
430 2163
431 441
431 1478
431 1595
431 1787
431 2287
431 2335
431 2532
432 1296
432 2688
432 2706
432 2896
433 651
433 986
433 1339
433 1885
433 2224
433 2584
434 589
434 710
434 914
434 1161
434 2442
434 2750
434 2870
435 1640
435 1789
435 2069
435 2444
435 2457
435 2683
436 994
436 1263
436 1717
436 2752
437 727
437 1108
437 1866
437 1943
437 2053
437 2802
438 929
438 1063
438 1394
438 1397
438 2332
438 2493
439 674
439 880
439 988
439 1421
439 2444
440 530
440 943
440 1490
440 1517
440 1697
440 1747
440 2540
441 837
441 947
441 992
441 1563
441 1814
441 2488
442 980
442 1105
442 1860
442 2399
442 2882
443 932
443 1430
443 2405
443 2466
444 912
444 1398
444 1520
444 1708
444 2309
444 2935
444 2953
445 1192
445 1371
445 1374
445 1747
445 2463
446 836
446 1007
446 1355
446 1470
446 1607
446 1855
446 2122
446 2484
447 797
447 1293
447 1982
447 2733
447 2957
448 728
448 1169
448 1485
448 1665
448 1847
448 2375
448 2498
448 2556
449 1668
449 2708
449 2751
450 2649
450 2715
451 1643
451 2129
452 1106
452 1563
452 2138
452 2277
453 881
453 987
453 1361
453 1771
453 2696
454 1862
454 2638
454 2684
455 549
455 844
455 1794
455 2065
455 2387
455 2626
456 1106
456 1223
456 1600
456 2838
457 748
457 870
457 1577
457 2037
457 2575
457 2813
457 2830
457 2994
458 483
458 531
458 554
458 597
458 1384
458 1760
458 2125
458 2351
458 2477
459 723
459 828
459 1594
459 1639
459 1828
459 2093
459 2722
460 480
460 547
460 868
460 943
460 1537
460 1683
460 1855
461 1526
461 1812
461 2121
461 2153
461 2170
461 2819
462 571
462 757
462 785
462 912
462 1699
462 2276
462 2553
462 2608
462 2634
462 2878
463 580
463 618
463 935
463 1239
463 1830
463 1902
463 2080
464 889
464 1426
464 1497
464 2081
464 2568
464 2719
465 879
465 1394
465 1775
465 1955
465 2546
466 680
466 709
466 875
466 885
466 1423
466 1874
466 2836
467 479
467 542
467 826
467 2294
468 618
468 622
468 778
468 1197
468 1832
468 1868
469 711
469 1303
469 1393
469 1742
469 2378
469 2648
470 852
470 914
470 1582
470 1632
470 1675
470 2795
471 659
471 1816
471 2050
472 1232
472 1491
472 1558
472 1565
472 2420
472 2519
473 578
473 728
473 1394
473 1679
473 1921
473 2352
474 570
474 1080
474 1185
474 1529
474 1989
474 2554
474 2568
474 2650
474 2952
475 682
475 756
475 1214
475 1259
475 1766
475 1989
476 894
476 963
477 1309
477 1639
477 1836
477 2352
477 2712
477 2800
478 943
478 1056
478 1084
478 1235
478 1442
478 1515
478 1529
478 1783
478 2389
478 2912
479 1194
479 1491
479 1552
479 2626
479 2637
479 2640
480 761
480 979
480 1038
480 1086
480 1537
480 1718
480 2348
480 2474
480 2659
480 2824
480 2894
480 2985
481 789
481 951
481 1155
481 1263
481 2749
482 1399
483 795
483 894
483 1010
483 1583
484 858
484 1284
484 1417
484 1477
484 1716
484 1733
484 1863
484 2242
484 2413
485 819
485 1121
485 1569
485 1856
485 2435
485 2607
485 2658
486 536
486 585
486 898
486 947
486 1173
486 1511
486 1783
487 2133
487 2693
488 788
488 1234
488 1451
488 1608
488 1803
488 2213
488 2239
488 2746
489 899
489 960
489 1142
489 1837
489 2064
489 2506
489 2516
489 2986
490 1112
490 1457
490 1575
490 1807
490 1885
490 2202
490 2431
490 2888
491 575
491 2146
492 969
492 2906
493 531
493 1824
493 1993
493 2256
493 2538
493 2674
494 869
494 1671
494 1892
494 2765
494 2838
495 819
495 829
495 1211
495 2005
495 2551
495 2584
496 1250
496 1816
496 2516
496 2966
497 2053
498 534
498 858
498 1571
498 1757
498 1883
499 2166
499 2660
500 690
501 2857
502 1563
502 1661
502 2497
502 2596
502 2614
503 924
503 1295
503 1376
503 1635
503 2064
503 2471
503 2702
504 792
504 1161
504 1265
504 1746
504 2414
505 975
505 981
505 1011
505 1654
505 1967
505 2534
506 926
506 1015
506 1139
506 1808
506 1980
507 1076
507 1472
507 1515
507 1528
507 2585
507 2846
507 2936
508 578
508 630
508 785
508 1310
508 1381
508 1526
508 2149
508 2783
509 701
509 1952
509 2488
509 2793
510 607
510 1246
510 1461
510 1547
510 1550
511 1000
511 1268
511 1445
511 1557
511 1702
511 1773
511 2096
511 2265
512 606
512 1134
512 1189
512 1434
512 1479
512 1609
512 2126
512 2188
512 2640
513 862
513 960
513 1034
513 1995
514 1864
514 2516
514 2824
514 2966
515 580
515 902
515 945
515 1758
515 1782
515 2150
515 2485
515 2531
515 2750
516 1115
516 1650
516 1980
516 2544
516 2595
516 2900
517 1295
517 1388
517 1700
517 2124
517 2234
517 2495
518 923
518 1926
518 2254
518 2341
518 2536
518 2541
518 2710
518 2812
519 885
519 1080
519 1380
519 1388
519 2564
519 2608
520 578
520 1089
520 2495
520 2621
521 639
521 671
521 761
521 1695
521 1819
521 1989
521 2405
521 2702
521 2844
522 1397
522 1792
522 1983
522 2535
523 920
523 958
523 1567
523 1663
523 2294
523 2692
524 569
524 1285
524 1422
524 1716
524 2095
524 2464
524 2688
524 2778
525 1300
525 2587
526 755
526 760
526 1443
526 1650
526 2965
527 854
527 1113
527 1419
527 1892
527 1937
527 2022
527 2024
527 2250
527 2612
527 2654
528 1711
528 2665
528 2719
529 714
529 1009
529 1349
529 1712
529 1977
529 2104
529 2805
530 592
530 884
530 1225
530 1265
530 2665
530 2675
530 2782
531 947
531 1112
531 1174
531 1413
531 2192
532 786
532 930
532 1026
532 1395
532 2100
532 2875
533 1018
533 1381
533 1831
533 2457
533 2675
534 573
534 607
534 653
534 2421
535 1472
535 1520
535 2234
535 2703
536 642
536 1104
536 1802
536 2070
536 2137
537 1305
537 1787
537 1874
537 2258
538 586
538 1284
538 2196
538 2498
538 2605
538 2920
539 1086
539 1883
540 591
540 692
540 1634
540 1806
540 2029
540 2101
540 2330
540 2810
540 2945
540 2959
541 685
541 891
541 1375
541 1494
541 1734
541 2630
542 703
542 1308
542 1505
542 1605
542 2066
542 2229
542 2581
542 2884
543 989
543 1936
544 615
544 1071
544 1097
544 1123
544 2373
544 2824
544 2906
545 747
545 1000
545 1363
545 1722
545 1940
545 2636
546 737
546 1870
546 2025
546 2137
546 2153
547 829
547 1571
547 1624
547 1906
547 2238
548 576
548 914
548 1021
548 1089
548 1304
548 1518
548 1557
548 1756
548 1762
548 1843
548 1980
548 2268
548 2857
548 2931
549 1393
549 1614
549 1784
549 2010
549 2352
549 2616
550 1621
551 673
551 989
551 1913
551 2220
551 2250
552 798
552 918
552 1073
552 1303
552 1573
552 1643
552 1747
552 1871
552 2009
552 2402
552 2433
552 2444
553 1728
553 2031
553 2914
554 2319
554 2748
555 1178
555 1420
555 1560
555 1564
555 2709
555 2826
556 1517
556 1709
556 2240
556 2654
557 1528
557 1556
557 1610
557 2406
557 2881
558 752
558 897
558 1260
558 1661
558 2372
558 2467
558 2828
559 972
559 985
559 1301
559 1514
559 2181
559 2385
559 2633
559 2791
560 1020
560 1364
560 1675
560 1679
560 1953
560 2579
561 664
561 1120
561 1931
561 2319
561 2592
562 780
562 1027
562 1666
562 1812
562 2422
563 929
563 1173
563 1652
563 1889
563 2105
563 2490
563 2793
563 2886
564 667
564 756
564 1478
564 1482
564 2201
564 2519
565 768
565 941
565 984
565 1222
565 1255
565 1419
565 1590
565 2706
566 1385
566 1923
566 2318
566 2438
567 1322
567 1387
567 2344
567 2351
567 2912
568 1315
568 1626
568 2141
568 2545
569 1829
569 2882
570 1058
570 2391
570 2416
570 2907
570 2992
571 578
571 834
571 985
571 2162
571 2969
571 2995
572 606
572 1305
572 2190
572 2791
573 954
573 1608
573 1731
573 2232
573 2495
573 2595
573 2771
574 837
574 1260
574 1604
574 2320
574 2560
575 665
576 1973
576 2780
576 2963
577 897
577 1060
577 1284
577 1998
577 2264
577 2492
578 599
578 676
578 834
578 1037
578 1099
578 1922
578 2480
578 2958
579 648
579 1566
579 1644
579 1999
579 2543
579 2875
579 2912
580 1457
580 1813
580 1870
580 2577
581 842
581 1171
581 2125
581 2598
581 2630
581 2844
581 2943
581 2970
582 719
582 928
582 1011
582 1119
582 2301
582 2327
582 2440
582 2446
582 2482
582 2960
583 1453
583 1931
583 2558
583 2620
583 2814
584 1142
584 2167
584 2405
585 805
585 872
585 898
585 939
585 1139
585 1573
585 2052
585 2176
585 2373
585 2718
585 2828
585 2830
585 2894
585 2911
585 2916
586 1506
586 2115
586 2505
586 2584
586 2787
586 2931
587 933
587 2090
588 763
588 962
588 1105
588 1203
588 2282
588 2503
588 2778
588 2923
589 659
589 1892
589 2663
590 718
590 2589
590 2909
591 734
591 1114
591 1329
591 1353
591 1595
591 1976
591 2025
592 2769
593 679
593 1974
593 2467
593 2919
594 1606
594 1619
594 1662
595 751
595 822
595 963
595 1993
595 2161
595 2433
595 2460
596 698
596 1222
596 1516
596 1685
596 1861
596 2453
596 2653
597 1409
597 1894
597 1939
597 2722
597 2942
599 711
599 1080
599 1285
599 1570
599 1605
599 2419
599 2580
599 2826
600 1351
600 1706
600 1798
600 1972
600 2008
600 2445
600 2494
601 747
601 1187
601 1382
601 1402
601 1455
601 1715
601 1836
601 2571
601 2676
602 797
602 1099
602 1132
602 1240
602 1307
602 1324
602 1748
602 2073
602 2581
602 2934
603 943
603 1498
603 2176
603 2816
603 2839
604 805
604 1143
604 1165
604 1196
604 1270
604 1293
604 1999
604 2143
604 2761
604 2781
605 703
605 1458
605 2179
605 2492
605 2922
606 694
606 2587
606 2771
606 2799
607 769
607 1910
607 2073
607 2329
608 1441
608 1563
608 1732
608 2638
609 1256
609 2008
609 2417
610 855
610 1480
610 1989
610 2475
611 1289
611 1725
611 2576
611 2806
611 2832
612 764
612 2696
612 2876
613 1439
613 1513
613 1832
614 778
614 918
614 942
614 1007
614 1396
614 1448
614 1620
614 1628
614 1894
614 2126
614 2423
614 2493
615 1105
615 1694
615 2634
615 2978
615 2992
616 1620
616 2444
616 2673
617 1518
617 2460
617 2474
617 2552
618 779
618 1134
618 1330
618 1759
618 1856
618 2407
618 2814
618 2888
619 642
619 811
619 907
619 951
619 1216
619 1250
619 1632
619 2158
620 832
620 869
620 1352
620 2018
620 2734
621 655
621 1610
621 2099
621 2870
622 1164
622 1588
622 1604
622 1899
622 2247
622 2913
622 2974
623 1399
623 1826
623 2122
623 2398
623 2759
623 2773
623 2945
624 1525
624 1606
624 1693
624 2135
624 2223
625 978
625 1057
625 1306
625 1618
625 1827
625 1912
625 2156
625 2742
625 2780
626 687
626 721
626 845
626 1103
626 2670
626 2745
626 2800
626 2920
627 776
627 1351
627 1761
627 1800
627 1862
627 2174
627 2784
628 942
629 1240
629 1242
629 1386
629 1840
629 2304
629 2821
630 1156
630 1281
630 2268
630 2314
630 2574
631 1038
631 1087
631 1204
631 1868
631 1983
631 2439
632 1590
632 2176
632 2579
632 2795
633 740
633 890
633 1917
633 2009
633 2668
633 2992
634 1687
634 2406
635 1200
635 1346
635 1369
635 1467
635 1666
635 1925
635 2325
635 2755
636 773
637 642
637 790
637 809
637 1415
637 2173
637 2458
637 2628
638 1403
638 2704
639 1059
639 2075
639 2283
639 2897
640 764
640 1017
640 1624
640 1628
640 1659
640 1920
640 2076
640 2298
640 2991
641 1548
641 1813
641 2488
641 2657
641 2737
641 2817
642 829
642 896
642 1147
642 1714
643 1351
644 835
644 1657
644 2008
644 2453
645 1828
645 2126
645 2218
646 786
646 1090
646 1909
646 2303
646 2785
646 2999
647 1140
647 1404
647 1502
647 1656
648 1314
648 1364
648 1591
648 2121
648 2964
649 1009
649 1084
649 1237
649 2054
650 699
650 823
650 944
650 1154
650 1315
650 1639
650 2299
650 2703
651 816
651 989
651 1710
651 2244
651 2525
652 817
652 1197
652 1296
652 1653
652 2150
653 716
653 758
653 948
653 1162
653 1269
653 1526
653 1605
653 1679
653 1709
653 2029
653 2106
653 2817
654 796
654 838
654 1018
654 1028
654 1338
654 1460
654 1563
654 1919
654 2384
654 2648
654 2693
654 2844
655 1068
655 1278
655 1577
655 2005
655 2294
655 2430
655 2468
656 920
656 979
656 1278
656 1325
656 1914
656 2178
656 2695
656 2789
657 857
657 1157
657 1270
657 1468
657 1591
657 1814
657 2488
657 2901
658 1633
658 1846
658 2014
658 2154
658 2251
658 2854
658 2946
659 853
659 981
659 1267
659 1618
659 2028
659 2714
660 797
660 851
660 2152
661 1501
661 1684
661 1835
661 2067
661 2418
661 2524
662 861
662 920
662 1403
662 1423
662 2383
662 2564
662 2663
662 2992
663 1244
663 1359
663 2058
663 2570
663 2753
664 1356
664 1681
664 1754
664 2051
664 2461
665 892
665 2387
666 1287
666 1300
666 1465
666 1468
666 1818
666 1958
666 2409
666 2587
666 2689
667 1268
667 2662
668 1029
668 1498
668 1952
669 1626
669 1645
669 1756
669 2019
670 1368
670 1664
670 2254
670 2523
671 889
671 1549
671 1805
671 2656
671 2967
672 1082
672 2253
673 1259
673 1699
673 1720
674 749
674 2037
674 2661
675 783
675 1061
675 1525
675 2076
676 1335
676 1422
676 2406
676 2748
677 886
677 1931
677 2029
677 2603
678 965
678 1114
678 1722
678 2494
679 2269
679 2651
680 724
680 738
680 952
680 1273
680 1537
680 1543
680 1638
680 1822
680 1849
680 2065
681 1014
681 2233
681 2281
681 2378
681 2607
681 2869
682 802
682 954
682 1109
682 1308
682 1517
682 1660
682 2902
683 954
683 1008
683 1272
683 1456
683 1675
683 1805
683 1902
683 2333
683 2752
684 1961
684 2195
685 844
685 1126
685 1737
685 2766
686 908
686 989
686 1074
686 1237
686 2229
686 2386
687 809
687 1018
687 1441
687 1586
687 1802
687 1912
688 1504
688 1792
688 2275
688 2528
689 1026
689 1317
689 1348
689 1482
689 1563
689 1597
689 2744
690 730
690 793
690 1188
690 1763
690 2493
691 1693
692 809
692 815
692 1653
692 2150
692 2429
693 960
693 1455
693 2080
693 2202
694 1402
694 2051
694 2104
694 2847
694 2851
695 1731
695 1767
695 1905
695 2970
696 1354
696 2499
696 2512
697 1093
697 1859
697 2012
697 2116
697 2850
698 1921
698 2434
698 2601
698 2849
699 806
699 1565
699 2072
699 2375
700 1399
700 1540
700 1913
700 2640
700 2888
701 1473
701 1983
701 2002
702 760
702 1529
702 1782
702 2523
703 1040
703 2557
703 2896
704 805
704 925
704 1783
704 2065
704 2381
704 2433
704 2857
705 1901
705 2869
706 2273
706 2619
707 1426
707 1680
707 1842
707 2188
707 2820
707 2830
708 993
708 1203
708 1476
708 1782
708 1846
708 1954
708 2432
708 2754
708 2845
708 2944
709 1879
709 1945
710 815
710 824
710 929
710 1167
710 1283
710 1467
710 1862
710 1864
710 2485
710 2493
710 2582
710 2603
711 1856
711 1890
711 2344
711 2455
712 1142
712 1231
712 1952
712 2059
712 2612
712 2688
712 2778
713 1284
713 1433
713 1779
713 1909
713 2895
714 1146
714 1327
714 1433
714 1555
714 2244
714 2316
715 931
715 954
715 2797
715 2877
715 2915
716 717
716 938
716 1487
716 1825
716 2301
716 2681
717 1351
717 1397
717 1781
717 2296
718 2331
718 2356
718 2435
719 1189
719 1514
719 2088
719 2650
720 798
720 1243
720 1521
720 1528
720 2902
721 821
721 996
721 1162
721 1267
721 1520
721 1659
721 1895
721 1919
722 744
722 810
722 1019
722 1356
722 1601
722 1804
722 2562
723 1424
723 1487
723 1528
723 1566
723 2501
724 1301
724 2492
724 2905
725 1074
725 1577
725 1584
725 1927
726 845
726 1289
726 1360
726 2096
726 2943
727 1157
727 1614
727 2206
727 2344
727 2459
727 2613
727 2893
728 938
728 1231
728 1464
728 1705
728 2064
729 958
729 1200
729 1280
729 1989
729 2570
729 2775
729 2900
730 1524
730 1755
730 2156
730 2352
730 2495
731 868
731 1039
731 1833
731 2279
732 1518
732 1683
732 2332
732 2375
732 2468
732 2726
732 2899
733 1054
733 1966
734 830
734 1010
734 1040
734 1191
734 2325
734 2905
734 2938
735 966
735 1154
735 1364
735 1407
735 1559
735 1658
735 2332
735 2436
735 2593
735 2885
736 1552
736 2420
736 2462
736 2595
736 2668
736 2943
737 1452
737 1710
737 2292
737 2783
737 2793
737 2801
739 876
739 1270
739 1685
739 1829
739 2344
739 2523
739 2621
739 2750
739 2774
740 1608
740 1724
740 2816
741 896
741 1319
741 1344
741 1449
741 1973
741 2225
741 2232
742 1000
742 1052
742 2458
742 2560
742 2643
743 896
743 1592
743 1702
743 1707
743 2123
744 1611
744 2865
744 2969
745 812
745 1176
745 1448
745 2381
746 816
746 1009
746 1429
746 2656
746 2877
747 827
747 1256
747 1786
747 1906
747 2034
747 2050
748 1238
748 2015
748 2054
748 2245
748 2976
750 1335
750 1805
750 2003
750 2218
750 2310
750 2819
751 820
751 967
751 1048
751 1081
751 1112
751 1566
751 2846
751 2894
751 2913
752 1193
752 1530
752 1689
752 2132
752 2512
752 2736
752 2799
753 927
753 1028
753 1538
753 1917
753 2002
753 2156
753 2775
754 966
754 1105
754 1192
754 1304
754 1666
754 2104
754 2765
754 2827
755 967
755 1234
755 1753
755 2105
755 2603
756 1163
756 1271
756 2245
756 2270
756 2437
756 2610
757 958
757 1604
757 1686
757 2319
758 1501
758 2721
758 2824
758 2965
759 1018
759 1769
760 1199
760 2668
760 2744
761 904
761 1020
761 1026
761 1322
761 1380
761 1396
761 1550
761 2616
761 2960
762 1310
762 1359
762 1377
762 1849
762 2004
762 2511
763 1426
763 2570
764 2018
765 968
765 1351
765 1708
765 1753
765 2013
765 2577
765 2658
766 1355
766 2223
766 2380
766 2437
766 2778
766 2813
767 1314
767 1444
767 1447
767 1455
767 1672
767 2094
767 2817
768 842
768 1269
768 2561
768 2687
768 2803
768 2957
769 1510
769 1689
769 1731
769 1932
769 2256
769 2431
769 2621
770 1244
770 1337
770 1686
770 1748
770 1908
770 2221
770 2360
770 2934
771 1433
771 1465
771 1942
771 2513
771 2811
772 2189
772 2435
772 2579
773 779
773 829
773 1190
773 1274
773 1817
773 2049
773 2369
773 2566
774 1152
774 1403
774 1789
774 2504
775 1063
775 1178
775 2365
775 2398
775 2461
776 870
776 1311
776 1726
776 2103
776 2860
777 933
777 1642
777 2111
777 2182
777 2203
777 2448
777 2761
778 1125
778 2322
778 2616
778 2789
779 1364
779 1375
779 1603
779 1775
779 1793
779 2461
779 2550
779 2584
780 1529
780 1560
780 1572
780 2186
780 2925
781 1041
781 1318
781 1940
781 2342
782 1864
783 1045
783 1056
783 1228
783 1898
783 2453
783 2504
784 1027
784 1038
784 1917
784 2257
785 1279
785 1992
785 2398
786 1442
787 1400
787 2889
788 1729
788 2086
789 1382
789 2164
789 2683
789 2982
790 1490
790 1703
790 1773
790 2759
790 2998
791 865
791 1147
791 1376
791 1552
791 2136
791 2422
791 2727
792 1219
792 1984
792 2195
792 2375
792 2838
793 2989
794 878
794 1125
794 1136
794 1353
794 1701
794 2053
794 2453
794 2922
795 798
795 1076
795 2634
795 2887
796 1321
796 1409
796 1540
796 1976
796 2026
796 2445
797 1636
797 2142
797 2206
797 2318
797 2905
798 851
798 1302
798 2776
799 1511
799 2228
799 2530
799 2799
799 2826
799 2893
799 2975
800 948
800 2431
800 2545
801 1414
801 1649
801 1821
801 2270
801 2340
801 2344
801 2550
801 2830
801 2875
802 1155
802 1555
802 1950
802 2652
803 1177
803 1268
803 1400
803 1755
803 2799
803 2950
804 832
804 1620
804 2502
805 1913
805 2245
805 2297
805 2422
805 2450
805 2513
805 2883
806 841
806 1241
806 1333
806 2259
807 1715
808 1276
808 1651
808 2373
809 1288
809 1835
809 2284
809 2332
809 2477
809 2844
810 856
810 901
810 1615
810 2046
810 2262
810 2440
810 2739
811 1177
811 1424
811 2031
811 2109
811 2182
811 2459
812 1993
812 2351
812 2626
813 1185
813 1263
813 2319
814 948
814 968
814 1686
815 896
815 910
815 1616
815 1925
815 2004
815 2608
816 896
816 1542
816 1665
816 2276
816 2436
816 2475
817 1599
817 1974
817 1984
817 2027
817 2455
817 2475
817 2634
818 1299
818 1618
818 1758
818 2277
818 2322
818 2569
818 2675
819 1396
820 1030
820 1379
820 1404
820 1534
821 1283
821 1548
821 1913
821 2140
821 2163
821 2183
821 2658
822 899
822 999
822 2182
823 1837
823 2264
823 2420
824 1856
824 2258
824 2678
824 2859
825 1082
825 1319
825 1564
825 1727
825 2452
825 2885
826 1330
826 2280
826 2976
827 1444
827 1785
828 1405
828 1592
828 2448
828 2740
829 1359
829 1783
829 2389
829 2635
830 894
830 1217
830 2638
831 986
831 1640
831 1670
831 1672
831 1807
831 1814
831 1921
831 2003
831 2025
831 2242
831 2559
831 2574
831 2681
832 1044
832 1814
832 2029
832 2525
832 2685
833 1030
833 1171
833 2077
833 2360
833 2576
834 873
834 1255
834 1607
834 1622
834 1968
834 2445
834 2579
835 1635
835 1993
835 2468
836 954
836 1029
836 1031
836 1132
836 1327
836 1869
836 2358
836 2476
836 2686
837 1294
837 1557
838 921
838 1357
838 1900
838 1915
838 2221
838 2558
839 1348
839 1510
839 1639
839 2688
839 2740
840 913
840 1072
840 1513
840 1578
840 2615
840 2742
841 1544
842 1248
842 1259
842 1711
842 1721
842 1803
842 1998
842 2596
842 2996
843 1208
843 1461
843 1701
843 1710
843 1942
845 1148
845 1597
845 1919
845 2095
845 2459
845 2466
845 2470
845 2508
845 2557
845 2677
846 1073
846 1105
846 1387
846 2449
846 2779
846 2782
847 856
847 1496
847 1653
847 2550
847 2750
848 1062
848 1242
848 1735
848 2070
848 2247
848 2255
848 2300
848 2737
849 870
849 1045
849 1289
849 1492
849 1586
849 2244
849 2282
849 2937
850 1854
850 1977
850 2239
851 885
851 1032
851 1219
851 1939
852 981
852 1218
852 2182
853 1121
853 1246
853 1702
853 1840
854 1483
854 1668
854 2350
855 1236
855 1466
855 1571
855 1655
855 1866
856 889
856 1082
856 1624
856 2258
857 1292
857 2706
857 2880
858 976
858 1031
859 1078
859 1275
859 1447
859 2263
859 2562
859 2622
859 2625
859 2875
860 1095
860 2802
861 990
861 1218
861 1360
861 1867
861 1912
861 2094
861 2100
861 2147
861 2795
862 1668
862 1870
862 1989
862 2120
862 2122
862 2311
862 2932
863 873
863 1270
863 1671
863 2013
863 2197
864 956
864 1257
864 1351
864 1570
864 1873
864 2190
864 2683
864 2892
865 1116
865 1676
865 1961
865 2110
865 2770
866 1029
867 1432
867 1805
867 2102
867 2147
867 2803
867 2866
868 1600
868 1756
868 1837
868 2093
868 2758
868 2896
868 2960
869 909
869 1353
869 1459
869 1669
869 2071
869 2516
869 2551
869 2817
870 1072
870 2054
870 2570
871 1497
871 1845
871 2200
871 2360
872 940
872 1054
872 1681
872 1929
872 2269
872 2619
872 2726
873 965
873 982
873 1095
873 1698
873 1703
873 1824
873 1894
873 2422
874 2143
874 2243
875 1058
875 2360
875 2820
876 1050
876 1490
876 1644
876 2160
876 2171
876 2213
876 2417
877 1176
877 1311
877 2773
878 1105
878 1211
878 1591
878 2267
878 2573
878 2768
878 2950
879 880
879 1169
879 1229
879 1847
879 1925
879 2096
879 2234
879 2399
879 2539
880 907
880 1945
880 2309
880 2606
880 2907
881 1336
881 1345
881 1448
881 1625
881 1770
881 2574
881 2856
882 1231
882 1729
882 1985
882 2006
882 2119
882 2170
882 2335
882 2930
882 2990
883 1322
883 1617
883 2601
883 2973
884 954
884 1465
884 1513
884 1929
884 2493
884 2782
885 2120
885 2286
885 2802
886 1728
886 1908
886 2343
886 2783
886 2821
887 1929
887 1948
887 1984
887 2234
887 2347
887 2387
888 1347
888 1609
888 1874
888 2082
888 2220
888 2488
888 2652
888 2658
889 1088
889 1136
889 1619
889 2579
890 1017
890 1152
890 1245
890 1492
890 1745
890 1762
890 2422
891 982
891 2059
891 2226
891 2493
891 2818
891 2826
892 1138
892 1189
892 2161
893 1166
893 1175
893 1416
893 1771
893 2074
894 932
894 938
894 1161
894 1360
895 1000
895 1381
895 1497
895 1965
895 2654
896 970
896 1191
896 2308
896 2439
897 1184
898 2590
898 2875
899 1307
899 2547
900 1028
900 1203
900 1676
900 1688
900 1899
900 2672
901 962
901 1311
901 1889
901 1946
901 2209
901 2880
902 1384
902 2128
903 1078
903 1114
903 1314
903 1364
903 1415
903 1818
903 2315
903 2909
904 1055
904 1489
904 2251
904 2432
904 2697
905 1763
905 2734
905 2820
906 1037
906 1230
906 2127
906 2294
907 1363
907 1911
908 2011
908 2330
909 1240
909 1340
909 1832
909 1990
909 2504
909 2521
909 2578
910 1359
910 2198
910 2368
910 2733
911 934
911 1766
911 2596
912 1020
912 1086
912 1330
912 1342
912 1369
912 2309
912 2971
913 1094
913 1232
913 1846
913 2006
913 2623
914 1058
914 1101
914 1438
914 1598
914 1657
914 2304
914 2646
914 2743
915 1205
915 1331
915 1438
915 1662
915 1779
915 2079
915 2446
915 2602
915 2972
916 2582
916 2790
917 1701
917 2184
917 2561
917 2616
917 2633
917 2908
918 959
918 1663
918 2234
919 1204
919 1306
919 1318
919 1967
919 2088
919 2792
920 1336
920 1868
920 2129
921 1433
921 2097
922 1075
922 1528
922 2362
922 2845
922 2868
923 1287
924 948
924 2131
924 2400
924 2659
925 1430
925 1480
925 1487
925 1680
925 2094
925 2720
926 2081
926 2513
926 2895
926 2911
927 1003
927 2034
927 2712
927 2875
928 1447
928 2041
928 2435
928 2639
928 2867
929 1962
930 2234
930 2262
930 2324
930 2939
931 992
931 1156
931 1554
931 1919
931 2093
931 2233
932 1515
932 1783
932 2731
932 2760
933 1739
933 2210
933 2747
934 1271
934 1806
934 2105
934 2404
934 2475
934 2622
935 1400
935 1598
935 1828
935 2010
935 2233
935 2376
935 2829
935 2884
936 1104
936 1308
936 1425
936 1580
936 1669
936 1859
936 2110
937 1825
937 1848
937 1911
937 2268
937 2968
938 1549
938 1937
938 2282
938 2315
938 2445
938 2674
938 2846
939 1288
939 1330
939 1507
939 1558
939 1927
939 1957
939 1970
939 2640
940 967
940 1213
940 2194
940 2605
940 2723
941 1163
941 2318
942 1489
942 2112
942 2160
942 2313
943 1038
943 1066
943 1199
943 1797
943 2512
944 2021
945 1352
945 1387
945 1427
945 1700
946 2003
946 2068
947 960
947 1014
947 1292
947 1652
947 2649
947 2831
947 2919
948 1027
948 1443
948 2871
949 1253
949 1263
949 2138
949 2355
949 2669
950 1443
950 1499
951 1326
952 1139
952 1302
952 2654
952 2806
953 968
953 1880
953 2929
953 2997
954 1053
954 2400
955 1795
955 1936
955 2287
956 1298
956 1926
956 2126
956 2577
956 2695
956 2791
957 1143
957 1218
958 1080
958 2161
958 2957
958 2971
959 1975
959 2030
959 2756
960 1438
960 1734
960 2010
961 1225
961 1422
961 1527
961 1573
961 2925
961 2942
963 1276
963 1350
963 1464
963 1560
963 2053
963 2247
963 2438
964 1010
964 1129
964 1212
964 1239
964 1353
964 1416
964 2235
964 2262
964 2844
964 2860
965 1690
965 1798
965 2187
965 2789
965 2940
966 1406
966 1872
966 2575
967 1877
968 1448
968 1900
968 2455
969 1120
969 1141
969 1495
969 1862
970 1466
970 2355
971 1290
971 1295
971 1972
971 2071
971 2246
971 2417
971 2423
971 2674
971 2688
972 1384
972 1450
972 2559
973 1066
973 1399
973 1945
973 2129
973 2250
974 1360
974 1562
974 1621
974 1748
974 2048
974 2964
975 1312
975 1519
975 1528
975 1779
975 1946
975 2790
976 1195
976 1794
976 1969
976 2297
976 2391
976 2651
978 1529
979 1435
979 1586
979 1827
979 2621
979 2868
979 2976
980 1655
980 1990
980 2089
981 1578
981 2808
982 2998
983 1086
983 1395
983 1963
983 2089
984 1191
984 1824
984 2291
985 2871
986 1360
986 2001
986 2096
986 2580
986 2787
987 1045
987 1311
988 1175
988 1301
988 1726
988 2258
988 2810
989 1127
989 2216
989 2454
989 2617
990 1131
990 1159
990 1208
990 1375
990 2191
990 2422
990 2821
990 2852
992 1536
992 1548
992 1583
992 1595
992 2094
992 2353
993 1087
993 1301
993 1531
993 1942
994 1008
994 1124
994 1312
994 1894
994 1909
994 2534
994 2564
995 1379
995 1461
995 1660
995 1901
995 2397
995 2492
995 2896
996 1066
996 1122
996 1208
996 1519
996 1612
996 1905
996 2173
996 2948
997 1208
997 1356
997 1611
997 2108
997 2621
997 2758
998 1053
998 1228
998 1245
998 1729
998 2045
998 2274
998 2721
999 1407
999 1533
999 1570
999 2028
999 2052
999 2686
999 2725
1000 1440
1000 2974
1001 1145
1001 1217
1001 1433
1001 1751
1001 2507
1001 2677
1001 2688
1001 2849
1001 2898
1002 1534
1002 1919
1002 2488
1002 2631
1002 2700
1003 1444
1003 1477
1003 1919
1003 1940
1003 2036
1003 2960
1004 1200
1004 2712
1004 2764
1004 2858
1004 2984
1005 2051
1005 2443
1005 2605
1005 2956
1007 1665
1007 2384
1007 2489
1007 2983
1008 1056
1008 1078
1008 1376
1008 2440
1008 2738
1008 2742
1009 2027
1009 2524
1009 2773
1009 2953
1010 1012
1010 1182
1010 1343
1010 1376
1010 1663
1010 2052
1010 2270
1010 2509
1010 2537
1010 2575
1010 2698
1011 1043
1011 1411
1011 1708
1011 2032
1011 2732
1011 2809
1012 1096
1012 1220
1012 1263
1012 1618
1012 1862
1012 1984
1012 2439
1012 2503
1012 2681
1013 2137
1014 1718
1014 2351
1015 2892
1016 1139
1016 1243
1016 2224
1017 1200
1017 1397
1017 1740
1017 1959
1017 2300
1017 2818
1017 2925
1018 1517
1018 1731
1018 2412
1018 2596
1018 2617
1018 2906
1019 2007
1019 2035
1019 2758
1020 1025
1020 2141
1021 2456
1021 2613
1022 1221
1022 1297
1022 1994
1022 2536
1023 1177
1023 1203
1023 1274
1023 1613
1023 2082
1024 1089
1024 1153
1024 1715
1024 2049
1024 2264
1025 1340
1025 1822
1025 1960
1025 2621
1026 1298
1026 1865
1026 2357
1026 2564
1026 2739
1026 2745
1026 2967
1027 1065
1027 1912
1027 2269
1027 2357
1028 2050
1028 2250
1029 1600
1029 2247
1029 2449
1029 2546
1029 2563
1029 2661
1029 2758
1029 2965
1030 2441
1030 2455
1030 2461
1030 2731
1030 2977
1031 1460
1031 2115
1031 2331
1031 2635
1031 2674
1032 1284
1032 1914
1032 2008
1033 1681
1033 2282
1033 2827
1034 1079
1034 1768
1034 1958
1034 2172
1034 2805
1034 2943
1035 1095
1035 1156
1035 1902
1035 2658
1036 1091
1036 1822
1036 2742
1037 1293
1037 1997
1037 2092
1037 2224
1037 2261
1037 2366
1037 2488
1037 2874
1038 1564
1039 1170
1039 1696
1039 2694
1040 1452
1041 1524
1041 1653
1041 1671
1041 2105
1041 2241
1041 2936
1042 2611
1043 1094
1043 1399
1043 1560
1043 1658
1043 1997
1044 1375
1044 1450
1044 1780
1044 2438
1044 2742
1044 2788
1045 1716
1045 2461
1045 2717
1045 2821
1046 1505
1046 1961
1046 2966
1047 1165
1047 1177
1047 1286
1047 1460
1047 1762
1047 2082
1047 2542
1047 2910
1048 1243
1048 2395
1049 1172
1049 1237
1049 1714
1049 1855
1049 2030
1049 2805
1049 2918
1050 2338
1051 1951
1051 2922
1052 1071
1052 1564
1052 1996
1052 2381
1052 2438
1052 2530
1052 2675
1052 2742
1052 2933
1053 1067
1053 2334
1054 1384
1055 1226
1055 1621
1055 1752
1055 1812
1055 1907
1055 2071
1056 1105
1056 2593
1056 2794
1057 1277
1057 1818
1057 2232
1057 2725
1058 1461
1058 2698
1058 2837
1058 2862
1059 1083
1059 1569
1059 2039
1059 2108
1059 2629
1059 2875
1059 2917
1060 1170
1060 2030
1060 2324
1060 2489
1061 1582
1061 1623
1061 1702
1061 1865
1061 1976
1061 2030
1061 2766
1061 2835
1062 1385
1062 2261
1062 2993
1063 1462
1064 1077
1064 1212
1064 1321
1064 2473
1065 1337
1065 2046
1065 2509
1065 2653
1065 2715
1065 2764
1066 1837
1066 2354
1066 2508
1066 2541
1067 1174
1067 1301
1067 2520
1067 2582
1067 2885
1068 1429
1068 1725
1068 2849
1068 2895
1069 1226
1069 1562
1069 1688
1069 2640
1069 2867
1070 1402
1070 1507
1070 1625
1070 2902
1071 1403
1071 1851
1071 2121
1071 2425
1071 2786
1071 2995
1072 1418
1072 1653
1072 1805
1072 2478
1073 1521
1073 2285
1073 2477
1074 1100
1074 1540
1074 1925
1074 2128
1074 2146
1074 2207
1074 2952
1075 1459
1075 1574
1075 2006
1075 2692
1076 1541
1077 1741
1077 2370
1077 2409
1077 2539
1078 1126
1078 1187
1078 1247
1078 1638
1078 2550
1078 2587
1079 1503
1079 2137
1079 2239
1079 2794
1080 1090
1080 1442
1080 1863
1080 2678
1081 1825
1081 1882
1081 2990
1082 1260
1082 1893
1082 2241
1082 2847
1083 1357
1083 2179
1083 2879
1084 1174
1084 1861
1084 2196
1084 2586
1084 2643
1084 2945
1084 2965
1085 1548
1085 2596
1085 2638
1085 2798
1085 2936
1086 1140
1086 1156
1086 1219
1086 1292
1086 1738
1087 1465
1087 1640
1087 2345
1088 1427
1088 1431
1088 1652
1088 2868
1089 1505
1089 1511
1089 1549
1089 2320
1089 2420
1090 1226
1090 1285
1090 1387
1090 2279
1091 1608
1091 2006
1091 2369
1092 1246
1092 1324
1092 1918
1092 2572
1092 2616
1093 1213
1093 1620
1093 1674
1093 1843
1093 2054
1093 2065
1093 2295
1094 1396
1094 1814
1094 1832
1094 1858
1094 2166
1094 2524
1095 2412
1095 2672
1096 1998
1096 2052
1096 2482
1097 1206
1097 1659
1097 2325
1097 2781
1098 1995
1098 2153
1098 2334
1098 2533
1099 1538
1100 1699
1100 2437
1100 2533
1101 2639
1101 2674
1102 1494
1102 2926
1103 1142
1103 2263
1103 2405
1103 2501
1104 1127
1104 1323
1104 1888
1104 1999
1104 2575
1105 1276
1105 2787
1105 2990
1106 1179
1106 1861
1106 2011
1106 2153
1106 2303
1106 2517
1106 2893
1106 2940
1107 1639
1107 2030
1107 2145
1107 2660
1108 1490
1108 1593
1108 2225
1109 1484
1109 1515
1109 1656
1110 1633
1110 2482
1110 2738
1111 1366
1111 1458
1111 2076
1111 2200
1111 2287
1111 2415
1111 2811
1112 1187
1112 1218
1112 1687
1112 1833
1112 1839
1112 2419
1112 2792
1112 2833
1113 1433
1113 1693
1113 1769
1113 2019
1113 2160
1113 2334
1113 2475
1113 2644
1114 1180
1114 1710
1114 1779
1115 1614
1115 2323
1115 2640
1115 2792
1115 2831
1116 1859
1116 1917
1116 1998
1116 2299
1116 2758
1117 1251
1117 1320
1117 1496
1117 1536
1117 1570
1117 1674
1117 2764
1117 2819
1118 1889
1118 2369
1118 2473
1118 2607
1118 2876
1119 1325
1119 1593
1119 1951
1119 2053
1119 2176
1119 2321
1119 2351
1119 2605
1119 2636
1119 2638
1119 2906
1119 2985
1120 1147
1120 1438
1120 1939
1120 2361
1120 2767
1120 2777
1120 2798
1120 2814
1121 1409
1121 2366
1121 2409
1121 2712
1121 2882
1122 1199
1122 1474
1122 1584
1122 2465
1122 2807
1122 2890
1123 1795
1123 2301
1123 2881
1124 1300
1124 2453
1125 1270
1125 1555
1125 2190
1125 2354
1125 2437
1125 2609
1126 1378
1126 1425
1126 1591
1126 1848
1126 1932
1126 2258
1126 2670
1127 1615
1127 1700
1127 2851
1128 2999
1129 1192
1129 1578
1129 2091
1129 2158
1130 2475
1131 1570
1131 1652
1131 1716
1131 1731
1132 1737
1132 1833
1132 2326
1133 1861
1133 2064
1134 1321
1134 1529
1134 1579
1134 1764
1134 1911
1134 2782
1135 2089
1136 1908
1136 2234
1137 1381
1137 1597
1138 1291
1138 2168
1138 2599
1138 2882
1139 2557
1139 2941
1140 1224
1140 1532
1140 1588
1140 1906
1140 2157
1140 2353
1140 2703
1141 1508
1141 1608
1141 2388
1142 1700
1142 1979
1142 2166
1142 2187
1142 2254
1142 2775
1143 1190
1143 1364
1143 1559
1143 2575
1144 1447
1144 2895
1145 1662
1145 1790
1145 1950
1146 1446
1146 1582
1147 1433
1147 2193
1147 2222
1148 1736
1148 1885
1148 2031
1149 1449
1149 2100
1149 2275
1149 2543
1149 2725
1150 1603
1150 1979
1150 2649
1151 1963
1151 2188
1151 2189
1151 2672
1151 2681
1151 2727
1152 2045
1152 2644
1153 2451
1154 1751
1154 2359
1155 1288
1155 1942
1155 1998
1155 2058
1155 2082
1155 2438
1156 1429
1156 2059
1156 2592
1156 2765
1156 2922
1157 1248
1157 1597
1157 1842
1157 2662
1158 1407
1158 1748
1158 2401
1158 2521
1159 1174
1159 1484
1159 2366
1159 2697
1160 1532
1160 1695
1160 2921
1161 1520
1161 1740
1161 2087
1162 1529
1162 1576
1162 1860
1162 1912
1162 1996
1162 2170
1162 2732
1163 1490
1163 1591
1163 1819
1163 2286
1163 2532
1163 2969
1164 1403
1164 1649
1164 1941
1164 2631
1165 1285
1165 1429
1165 2182
1165 2972
1165 2983
1166 1331
1166 1711
1166 1833
1166 2213
1166 2384
1166 2448
1166 2838
1167 2036
1167 2217
1167 2351
1167 2361
1168 1643
1168 1743
1168 1843
1168 2385
1168 2542
1168 2836
1169 1293
1170 1641
1170 1866
1170 1991
1170 2354
1171 2378
1171 2939
1172 1519
1172 1769
1172 1810
1172 2775
1172 2909
1173 1255
1173 1884
1173 2026
1173 2512
1173 2598
1173 2955
1174 1881
1174 2481
1174 2553
1175 1211
1175 1516
1175 2099
1175 2311
1176 1221
1176 1684
1176 2148
1176 2202
1176 2463
1176 2672
1176 2784
1176 2947
1177 2668
1177 2680
1178 2113
1178 2127
1178 2510
1178 2637
1178 2862
1178 2902
1178 2981
1179 1531
1179 1595
1179 2124
1179 2411
1179 2882
1180 1326
1180 2070
1180 2415
1180 2534
1180 2614
1181 1192
1181 1523
1181 1637
1181 1665
1181 1816
1181 2161
1181 2431
1181 2935
1182 1488
1182 1977
1182 2211
1182 2406
1182 2441
1183 1530
1183 2224
1183 2891
1184 1531
1184 2076
1184 2388
1184 2556
1184 2646
1184 2657
1185 1278
1185 1913
1186 1280
1186 1469
1186 1827
1186 2002
1186 2053
1186 2707
1187 1842
1187 2435
1187 2579
1188 1281
1188 1309
1188 1604
1188 2397
1188 2611
1189 1557
1189 1656
1189 2106
1189 2150
1189 2772
1190 2094
1190 2148
1190 2238
1190 2481
1191 1349
1191 1457
1191 1459
1191 1765
1191 1773
1191 2162
1191 2516
1191 2659
1192 1633
1192 2231
1192 2355
1192 2612
1194 1353
1194 1858
1194 2375
1195 2383
1196 1405
1196 1557
1197 1331
1197 1860
1197 2314
1197 2514
1197 2856
1197 2872
1197 2895
1197 2997
1198 1650
1198 1775
1198 2789
1199 1290
1199 1426
1199 2092
1199 2222
1199 2507
1200 1247
1200 1781
1200 2128
1200 2427
1200 2433
1200 2918
1201 2016
1201 2265
1202 1714
1202 2118
1203 1494
1203 1982
1203 2058
1203 2767
1204 1218
1204 1462
1204 1753
1204 2151
1204 2318
1204 2572
1204 2727
1205 1580
1205 1775
1205 1782
1205 1820
1205 2074
1205 2111
1205 2343
1205 2647
1205 2703
1205 2872
1206 1873
1206 2380
1207 1238
1207 1763
1208 1259
1208 1366
1208 1734
1209 1625
1209 1999
1209 2277
1210 2857
1210 2951
1211 1491
1211 1630
1211 1768
1212 1605
1212 1687
1212 2125
1213 2001
1213 2635
1213 2904
1214 1680
1214 1876
1214 2832
1214 2862
1215 2709
1215 2915
1216 1433
1216 2007
1217 1674
1217 2219
1218 1495
1218 1664
1218 1873
1218 1898
1218 2475
1219 2168
1219 2331
1219 2757
1220 1409
1220 1432
1220 2017
1220 2022
1220 2083
1220 2667
1221 1526
1221 1983
1221 2713
1222 1416
1222 2403
1222 2720
1223 1568
1223 1603
1223 2889
1223 2960
1224 1629
1224 1650
1224 2192
1224 2509
1224 2796
1224 2952
1225 1325
1225 2494
1225 2676
1225 2714
1226 1730
1226 2181
1226 2623
1227 1371
1227 1488
1227 2286
1227 2300
1227 2906
1229 1660
1229 2196
1229 2207
1229 2283
1229 2320
1229 2715
1229 2945
1230 1477
1230 1540
1230 1678
1230 1688
1230 2195
1230 2350
1230 2651
1230 2805
1231 2001
1231 2005
1231 2278
1232 1393
1232 2166
1232 2875
1232 2965
1233 1259
1233 1280
1233 1407
1233 1578
1233 2011
1234 1658
1234 2096
1234 2573
1235 1255
1235 1981
1235 2102
1235 2236
1236 1909
1237 1388
1237 1609
1237 1864
1237 1906
1238 1647
1238 1726
1238 1753
1238 1850
1238 2242
1238 2312
1238 2972
1239 1625
1239 2197
1239 2290
1240 1486
1240 1577
1240 1680
1240 1733
1240 1806
1240 1815
1240 1846
1240 2325
1240 2621
1240 2737
1241 1329
1241 2244
1241 2287
1241 2562
1242 1261
1242 2865
1243 1495
1243 2723
1243 2761
1244 1307
1244 2135
1244 2583
1245 1729
1245 1839
1245 2238
1246 1555
1246 1713
1246 2058
1246 2391
1246 2634
1246 2640
1246 2664
1246 2760
1246 2884
1247 1931
1247 2399
1247 2488
1247 2548
1247 2928
1248 1617
1248 1958
1248 2031
1248 2463
1248 2504
1248 2782
1249 1585
1249 2233
1249 2339
1250 2605
1250 2880
1251 1783
1251 2638
1252 1334
1252 1885
1252 2113
1252 2499
1252 2725
1252 2949
1253 1711
1253 2148
1253 2595
1254 1282
1254 1475
1254 1872
1254 2238
1255 1270
1255 1702
1255 2948
1255 2982
1256 1461
1256 1874
1256 1910
1256 2618
1257 1360
1257 1732
1257 2205
1258 1749
1258 2018
1259 1846
1259 2178
1259 2423
1260 1575
1260 2709
1260 2898
1261 1730
1261 2152
1262 1760
1262 2054
1262 2866
1263 2906
1264 1491
1264 1564
1264 1721
1264 2588
1265 1902
1265 2715
1266 1417
1266 1483
1266 1598
1266 1895
1266 2722
1267 1570
1267 2454
1267 2455
1268 1768
1269 1491
1269 1770
1270 1504
1270 1568
1270 2276
1270 2615
1270 2763
1270 2911
1271 1364
1271 1627
1271 1703
1271 1802
1271 2146
1271 2359
1271 2493
1272 2837
1273 2088
1273 2396
1273 2407
1273 2488
1274 1715
1274 2110
1274 2127
1274 2651
1274 2665
1274 2860
1274 2908
1275 1438
1275 1980
1275 2257
1276 1651
1277 2186
1278 2247
1278 2270
1279 1689
1279 1894
1279 2278
1279 2416
1279 2481
1279 2758
1280 1525
1280 1904
1280 1979
1280 2044
1280 2374
1280 2755
1281 1762
1281 1841
1281 1955
1281 2178
1281 2351
1281 2703
1282 1537
1282 1720
1282 1759
1282 2194
1282 2215
1282 2728
1283 1523
1283 2231
1283 2947
1283 2964
1284 1468
1284 1589
1284 1701
1284 2386
1284 2521
1284 2572
1284 2674
1284 2691
1284 2842
1286 2343
1286 2414
1286 2594
1287 1463
1287 1675
1287 1800
1287 1937
1287 2143
1287 2273
1287 2288
1287 2349
1288 1999
1288 2417
1289 1909
1289 1950
1289 2056
1289 2272
1290 1294
1290 1375
1290 2882
1291 1804
1291 2391
1292 1362
1292 1849
1293 1824
1293 2598
1293 2616
1294 2141
1294 2223
1295 1485
1295 1505
1295 2273
1295 2338
1295 2387
1295 2394
1295 2613
1295 2853
1296 2105
1296 2222
1297 1444
1297 2247
1297 2256
1297 2766
1297 2868
1298 1454
1298 1717
1298 2047
1298 2184
1298 2357
1298 2750
1299 2378
1300 1493
1300 1825
1300 2392
1301 1654
1301 1695
1301 2451
1301 2627
1301 2960
1302 1670
1302 2061
1302 2944
1303 2166
1304 1549
1304 2074
1304 2312
1304 2393
1304 2462
1305 1941
1306 1906
1306 1930
1306 1966
1306 1968
1306 2729
1306 2974
1307 1663
1307 1691
1307 1881
1307 2271
1307 2990
1308 1475
1308 1856
1308 1896
1308 2068
1308 2329
1309 2276
1310 1410
1310 1605
1310 2579
1310 2613
1310 2819
1310 2913
1311 1738
1312 1831
1312 2029
1313 1552
1314 1760
1314 2287
1314 2647
1315 1482
1315 2064
1316 1506
1316 1765
1316 2199
1316 2790
1316 2821
1317 1599
1317 2093
1317 2158
1318 1526
1318 1620
1318 1625
1319 1541
1319 1850
1319 1980
1319 2939
1320 1322
1320 1472
1320 1543
1320 1570
1320 2099
1320 2421
1320 2458
1320 2756
1320 2843
1321 1349
1321 1980
1321 2604
1323 1477
1323 1859
1323 2297
1323 2357
1323 2506
1324 1698
1324 2444
1324 2751
1324 2964
1325 1916
1325 2017
1325 2602
1325 2746
1326 1748
1326 2636
1326 2714
1327 2515
1327 2815
1327 2901
1328 1385
1328 1517
1328 2188
1328 2723
1328 2758
1328 2945
1329 2344
1330 1531
1330 2209
1330 2573
1330 2905
1331 1692
1331 1814
1331 2487
1332 1506
1332 1743
1332 2064
1332 2531
1332 2660
1332 2759
1333 1564
1333 2230
1333 2758
1333 2851
1334 2290
1334 2846
1334 2847
1335 1572
1335 2834
1336 1649
1336 1776
1336 2230
1336 2548
1337 1346
1337 1748
1337 2372
1338 1384
1338 1686
1338 1775
1338 2378
1338 2556
1339 1786
1339 1962
1339 2463
1339 2680
1340 1470
1340 1682
1340 1936
1341 1604
1341 1652
1341 1713
1341 2159
1342 1513
1342 2053
1342 2116
1342 2257
1342 2711
1343 1348
1343 2092
1344 2019
1344 2097
1345 1456
1345 2676
1346 2487
1346 2864
1347 1715
1347 1916
1347 2565
1347 2767
1349 2150
1349 2976
1350 1445
1350 1532
1350 2204
1351 1541
1351 2715
1351 2733
1352 1624
1352 2055
1352 2152
1352 2851
1353 2049
1353 2222
1353 2704
1353 2949
1354 1392
1354 1576
1354 1802
1354 1992
1354 2554
1354 2678
1355 1502
1355 1563
1355 1848
1355 2387
1355 2855
1356 1600
1356 2794
1356 2843
1357 1531
1357 1606
1357 2135
1357 2869
1357 2923
1358 1819
1358 1924
1358 1997
1358 2040
1358 2957
1359 1441
1359 1904
1359 2319
1359 2754
1360 2552
1360 2632
1360 2857
1360 2869
1361 1367
1361 1386
1361 1459
1361 1866
1361 2325
1361 2730
1362 1721
1362 1963
1362 2066
1362 2754
1362 2900
1363 1912
1363 2379
1364 1551
1364 1680
1364 2213
1364 2949
1365 2715
1366 1865
1366 2584
1367 1633
1367 2391
1367 2593
1367 2927
1368 1712
1368 1954
1368 1993
1369 1670
1369 1962
1369 1968
1369 2431
1370 1562
1370 1736
1370 2189
1370 2389
1370 2544
1370 2877
1371 2157
1371 2543
1371 2599
1372 1673
1372 2032
1372 2575
1373 1785
1373 1995
1374 1782
1374 1982
1374 2163
1374 2207
1374 2572
1374 2814
1374 2960
1375 1737
1375 2168
1375 2216
1375 2949
1375 2965
1376 1401
1376 1563
1376 1996
1376 2149
1376 2336
1377 2013
1377 2382
1378 1418
1378 1597
1378 2672
1378 2765
1378 2974
1379 1438
1379 2080
1379 2295
1379 2424
1379 2636
1379 2741
1380 1697
1380 1897
1380 1954
1380 2516
1380 2650
1380 2663
1380 2737
1380 2833
1380 2987
1381 2613
1381 2799
1382 1456
1382 2127
1382 2294
1382 2981
1383 1405
1383 1591
1383 2113
1383 2137
1383 2354
1383 2756
1384 1666
1384 2158
1385 2312
1386 1956
1386 2040
1386 2063
1386 2210
1387 1555
1387 2166
1388 1544
1388 1605
1388 2254
1388 2859
1389 1674
1390 1482
1390 2156
1390 2158
1390 2219
1390 2613
1390 2706
1390 2843
1390 2852
1391 1604
1391 2292
1391 2473
1391 2755
1391 2789
1391 2890
1392 1689
1392 1780
1392 2018
1392 2315
1392 2842
1393 1728
1393 2904
1393 2997
1394 2126
1394 2464
1394 2499
1394 2615
1395 1777
1395 2436
1395 2516
1396 1548
1396 1857
1396 2508
1397 2417
1397 2502
1397 2730
1398 1541
1398 1660
1398 2197
1398 2398
1398 2538
1398 2547
1399 1871
1399 1910
1399 2670
1400 1760
1400 2168
1400 2572
1400 2581
1401 1921
1401 2414
1402 1558
1402 1732
1402 2041
1402 2047
1402 2282
1402 2503
1403 1706
1403 2055
1403 2439
1403 2750
1404 1526
1404 1990
1404 2844
1405 1591
1405 2241
1405 2274
1406 2660
1406 2925
1407 1620
1407 2250
1407 2556
1408 1630
1408 1841
1408 2189
1409 1666
1409 1670
1409 2796
1410 2818
1411 1846
1411 2943
1412 1918
1412 2622
1413 1435
1413 1635
1413 2863
1413 2893
1414 1502
1414 1617
1414 1678
1414 2346
1414 2372
1415 1581
1415 1970
1415 2096
1415 2379
1416 1497
1416 2114
1416 2616
1416 2671
1416 2975
1417 1508
1417 2041
1417 2088
1417 2343
1417 2582
1417 2907
1418 1766
1418 2195
1419 2137
1419 2900
1420 1669
1420 2032
1420 2358
1420 2679
1421 1430
1421 1501
1421 1530
1421 1638
1421 1660
1421 2042
1421 2281
1421 2627
1421 2976
1422 2568
1422 2768
1423 1446
1423 1584
1424 2181
1424 2621
1424 2695
1424 2739
1425 2189
1425 2329
1425 2346
1426 1579
1426 1697
1426 1754
1426 2643
1426 2934
1426 2956
1427 2963
1428 2230
1428 2486
1428 2678
1429 1475
1429 1897
1429 2301
1430 2400
1430 2850
1431 1521
1431 2385
1431 2939
1431 2964
1432 1453
1432 1599
1432 1682
1432 2574
1432 2881
1433 1556
1433 1619
1433 1784
1433 1790
1433 1811
1433 2258
1433 2341
1433 2700
1433 2925
1433 2958
1433 2963
1434 1446
1434 1455
1434 1646
1434 1946
1434 2191
1434 2259
1434 2995
1435 2284
1435 2912
1436 1861
1436 1906
1436 2250
1437 1476
1437 1800
1438 2302
1438 2482
1438 2716
1438 2932
1438 2957
1439 1984
1440 1449
1440 1459
1440 1468
1440 1477
1440 1838
1440 2372
1440 2730
1441 1480
1441 2162
1441 2231
1442 1718
1442 1927
1442 2261
1442 2361
1442 2744
1442 2847
1443 2187
1443 2261
1443 2408
1443 2455
1444 1749
1444 1957
1444 2280
1444 2528
1444 2564
1445 1688
1446 1586
1446 2068
1446 2492
1447 1521
1447 2261
1448 1767
1448 2306
1448 2619
1448 2984
1449 1842
1449 2691
1449 2711
1450 1662
1450 1991
1450 2498
1450 2628
1451 1484
1451 1630
1451 1675
1451 1778
1451 2461
1452 1556
1452 1950
1452 2485
1452 2892
1453 2268
1453 2702
1453 2874
1454 1577
1454 2229
1455 1756
1455 1948
1455 2239
1455 2466
1455 2614
1456 1521
1456 1600
1456 1903
1456 2024
1457 1461
1457 1467
1457 1747
1457 1819
1457 2285
1458 2345
1458 2593
1459 1784
1459 1828
1459 2518
1461 1595
1462 2278
1463 1662
1463 1700
1463 1849
1463 2274
1464 1527
1464 1674
1464 1906
1464 2442
1465 2204
1466 1490
1466 2014
1466 2629
1466 2919
1467 1525
1467 1672
1468 1756
1469 1987
1469 2798
1470 1491
1470 1852
1470 1983
1470 2483
1471 1744
1471 2475
1471 2527
1471 2532
1471 2599
1472 1548
1472 1582
1472 1835
1472 1923
1472 2071
1472 2806
1473 1571
1473 1861
1473 2350
1473 2817
1474 2840
1474 2929
1475 2153
1476 2374
1476 2390
1477 2550
1477 2849
1478 2326
1479 1711
1479 2361
1479 2838
1482 2445
1483 1742
1483 1746
1483 2044
1483 2103
1483 2504
1484 2226
1484 2926
1484 2934
1485 2085
1485 2086
1485 2355
1485 2645
1485 2821
1486 2293
1486 2466
1486 2577
1486 2658
1486 2947
1486 2989
1487 1851
1487 1982
1487 2134
1487 2175
1487 2361
1488 1882
1489 1599
1489 2566
1489 2690
1489 2863
1489 2909
1490 1723
1490 1819
1490 1970
1490 2264
1490 2463
1490 2823
1491 2415
1491 2421
1491 2866
1492 2015
1492 2494
1492 2652
1492 2742
1493 2049
1493 2153
1493 2348
1493 2444
1493 2624
1493 2758
1493 2925
1494 2785
1494 2844
1495 1788
1495 2633
1495 2790
1495 2865
1495 2964
1496 2211
1496 2639
1496 2658
1496 2798
1497 2518
1497 2958
1498 2047
1498 2081
1498 2228
1498 2873
1499 2229
1499 2244
1501 1683
1501 2022
1501 2073
1501 2312
1501 2605
1501 2626
1501 2775
1502 1525
1502 2131
1502 2793
1503 1855
1503 2095
1503 2266
1503 2306
1503 2453
1504 2956
1504 2998
1505 1777
1505 2165
1505 2717
1507 2132
1508 1757
1508 2052
1508 2313
1508 2907
1509 1609
1509 1901
1509 1935
1509 1995
1509 2308
1510 1574
1510 2087
1510 2475
1512 1624
1512 2586
1513 2275
1513 2704
1514 1517
1514 1815
1514 2286
1514 2532
1514 2795
1515 1819
1515 1958
1515 2692
1517 1952
1517 2576
1517 2762
1518 1559
1518 2967
1519 1650
1519 2161
1519 2222
1520 2244
1520 2299
1521 1698
1521 1979
1521 2416
1522 2061
1522 2165
1522 2179
1522 2255
1522 2269
1522 2419
1522 2510
1522 2628
1522 2819
1524 1607
1524 1863
1524 2341
1525 2023
1525 2356
1525 2491
1525 2555
1525 2643
1526 1812
1527 1777
1527 1971
1527 2538
1528 1617
1528 1849
1528 1903
1528 2468
1529 2077
1529 2978
1530 1815
1530 2284
1530 2590
1531 2021
1531 2577
1531 2980
1532 1553
1532 1984
1532 2043
1532 2151
1532 2200
1532 2321
1532 2352
1533 1575
1533 2431
1534 1539
1534 1848
1534 2937
1535 2688
1536 1873
1536 1955
1536 2242
1536 2902
1537 1754
1537 2702
1537 2979
1538 2273
1538 2282
1538 2692
1538 2749
1539 1628
1539 2772
1540 1599
1540 2028
1540 2760
1541 1584
1541 1790
1541 2297
1541 2982
1542 2958
1542 2996
1543 1800
1543 2138
1543 2853
1544 1638
1544 1860
1544 2158
1544 2578
1545 2482
1545 2969
1546 1755
1546 2424
1546 2582
1546 2737
1546 2813
1547 2091
1547 2197
1547 2611
1548 1980
1548 2084
1548 2101
1548 2544
1549 1843
1549 2819
1550 2034
1550 2153
1550 2240
1550 2306
1550 2309
1550 2476
1550 2629
1550 2849
1551 1723
1551 2537
1552 1810
1552 2983
1553 1735
1553 2026
1553 2035
1553 2466
1553 2531
1553 2711
1554 1713
1554 1714
1554 1760
1554 1955
1555 1845
1555 2098
1555 2257
1555 2291
1555 2836
1556 2322
1556 2413
1556 2421
1557 1825
1557 1957
1557 2332
1557 2662
1558 2060
1558 2144
1558 2289
1558 2487
1558 2946
1559 1629
1559 2163
1560 2409
1560 2565
1560 2773
1561 2304
1561 2323
1562 1604
1562 2338
1562 2355
1562 2410
1564 2129
1564 2604
1564 2743
1565 1718
1565 2184
1565 2887
1566 1576
1566 2733
1567 2051
1567 2257
1568 2002
1568 2309
1569 1585
1569 1669
1569 2246
1569 2395
1569 2821
1570 1897
1570 2046
1570 2083
1570 2195
1570 2574
1572 1738
1572 2162
1572 2248
1573 1828
1573 2334
1573 2514
1573 2609
1574 2123
1574 2657
1575 1964
1575 1974
1575 2151
1575 2506
1576 1841
1576 2260
1577 1675
1577 2094
1577 2632
1577 2865
1578 1827
1578 1875
1578 2046
1578 2152
1578 2221
1579 2818
1580 1755
1580 2257
1580 2546
1580 2854
1581 1813
1581 2427
1581 2737
1582 2100
1582 2184
1582 2830
1583 1601
1583 1915
1583 2208
1584 1766
1584 2026
1584 2249
1584 2250
1584 2369
1584 2521
1584 2711
1585 1586
1585 1724
1585 1744
1585 1949
1585 2046
1585 2072
1585 2147
1585 2554
1586 1628
1586 2140
1586 2619
1586 2889
1587 1899
1587 1990
1587 2280
1587 2498
1587 2594
1588 1617
1588 1992
1588 2132
1588 2233
1588 2589
1589 2002
1589 2289
1589 2863
1590 1872
1590 2366
1591 1719
1591 2076
1591 2415
1591 2680
1591 2821
1592 2303
1592 2943
1593 2741
1594 2104
1594 2158
1594 2187
1594 2243
1595 1643
1595 2292
1595 2593
1595 2599
1596 2241
1596 2431
1596 2545
1597 1841
1597 2182
1598 2252
1598 2877
1599 1731
1599 1785
1599 2385
1599 2956
1600 2544
1600 2582
1601 1832
1601 1913
1601 2263
1601 2269
1601 2621
1601 2877
1602 1736
1602 1789
1602 2205
1603 1938
1603 2186
1603 2201
1604 1891
1604 2293
1604 2847
1605 2550
1605 2585
1605 2805
1605 2928
1606 2982
1607 1979
1607 2011
1607 2414
1607 2437
1607 2494
1607 2750
1608 1780
1608 1853
1608 2526
1608 2619
1609 1982
1609 2137
1609 2319
1609 2581
1609 2846
1610 2125
1610 2493
1610 2586
1610 2641
1610 2847
1611 2065
1611 2678
1613 2322
1613 2829
1614 1633
1614 1803
1614 1876
1614 1892
1614 2073
1614 2892
1615 2557
1615 2824
1616 1662
1616 2294
1616 2558
1617 1754
1617 2853
1617 2895
1618 1812
1618 2473
1618 2858
1619 2082
1619 2106
1619 2910
1620 1651
1620 2182
1621 1975
1621 2615
1621 2975
1622 1707
1622 1878
1623 1785
1623 1998
1624 1903
1624 2149
1624 2389
1625 1723
1625 2332
1625 2693
1625 2923
1626 1928
1626 1968
1626 2065
1626 2933
1627 1723
1627 1791
1627 2236
1627 2447
1627 2554
1628 2652
1629 1631
1629 2340
1629 2483
1630 1845
1630 2122
1630 2334
1630 2794
1631 1886
1631 2186
1631 2789
1632 1886
1632 2051
1632 2053
1632 2802
1633 1769
1634 2488
1635 2990
1636 1727
1636 1741
1636 1900
1636 2570
1636 2755
1637 2324
1637 2580
1637 2645
1637 2718
1638 2141
1638 2506
1639 2558
1640 2092
1640 2171
1640 2548
1640 2650
1641 2054
1641 2119
1641 2218
1641 2451
1641 2531
1641 2728
1641 2732
1642 1927
1642 2191
1642 2510
1642 2808
1643 2070
1643 2343
1643 2398
1643 2963
1644 1987
1644 2122
1644 2148
1645 2160
1645 2527
1646 1726
1646 2577
1647 2803
1648 1770
1648 1771
1648 2218
1648 2484
1648 2853
1649 1654
1649 1676
1649 1735
1650 1687
1650 2061
1650 2072
1650 2903
1650 2955
1651 2342
1651 2770
1652 1664
1652 1713
1652 1773
1652 1846
1652 2380
1652 2845
1653 2195
1653 2347
1653 2515
1654 2732
1655 1695
1655 2451
1655 2495
1655 2523
1656 2061
1656 2882
1657 1892
1657 2546
1658 2229
1659 2256
1659 2726
1660 1746
1660 2413
1660 2889
1660 2922
1661 1806
1661 2376
1661 2645
1661 2769
1661 2914
1662 1973
1662 2469
1662 2589
1663 1932
1663 2018
1663 2758
1664 1934
1664 2506
1664 2836
1665 1744
1665 1858
1666 2023
1666 2406
1666 2472
1667 2124
1667 2574
1667 2702
1667 2982
1668 2663
1668 2991
1669 2242
1669 2568
1670 1752
1670 1887
1671 2080
1671 2496
1671 2633
1671 2658
1671 2663
1671 2699
1671 2944
1671 2987
1672 2231
1672 2669
1672 2901
1673 1785
1673 1811
1673 2779
1674 1721
1674 1739
1674 1747
1674 2098
1674 2299
1674 2347
1674 2375
1674 2670
1674 2806
1674 2887
1676 2748
1677 2136
1677 2628
1677 2690
1677 2900
1677 2928
1678 1858
1678 1934
1679 2883
1679 2909
1680 2074
1680 2154
1680 2160
1680 2985
1682 2027
1682 2672
1682 2697
1683 1703
1683 2484
1684 1813
1686 2156
1686 2440
1687 1694
1687 1776
1687 1963
1687 2050
1687 2129
1687 2323
1687 2349
1687 2797
1687 2844
1688 1760
1688 2347
1689 1864
1689 2725
1689 2984
1691 1757
1691 1802
1691 2052
1691 2189
1691 2438
1692 2284
1692 2826
1692 2982
1693 1711
1693 1983
1693 2160
1693 2301
1693 2616
1694 2324
1694 2953
1695 1792
1695 2284
1695 2474
1695 2689
1696 1828
1696 1852
1696 2114
1696 2767
1696 2780
1697 1896
1697 2334
1697 2879
1698 2025
1698 2426
1699 1733
1699 2231
1700 2694
1701 2834
1701 2996
1702 2481
1702 2911
1703 2487
1703 2730
1703 2773
1704 2009
1704 2620
1705 1814
1705 2021
1705 2173
1706 2689
1708 1753
1708 2331
1708 2447
1708 2961
1709 2233
1710 1982
1710 2263
1710 2431
1711 1828
1711 2194
1711 2379
1711 2591
1711 2665
1712 2316
1715 1800
1715 1810
1715 2200
1716 1811
1717 1841
1717 1994
1717 2521
1717 2561
1717 2763
1717 2784
1718 1825
1718 2343
1718 2347
1719 2660
1720 1865
1720 1880
1720 2026
1720 2862
1721 2649
1722 1900
1722 1987
1722 2939
1723 1758
1723 1975
1723 2376
1723 2454
1723 2674
1723 2869
1724 2027
1724 2076
1724 2251
1724 2595
1725 2441
1725 2727
1726 1980
1726 2409
1726 2459
1726 2737
1727 1779
1727 1818
1727 2537
1727 2977
1728 1750
1728 2109
1728 2188
1728 2541
1728 2552
1728 2607
1729 1993
1729 2489
1729 2521
1729 2801
1730 1847
1730 2188
1730 2415
1730 2495
1732 1974
1732 1977
1732 2182
1732 2727
1733 1761
1733 2565
1733 2925
1734 2187
1734 2196
1734 2353
1734 2551
1735 2283
1735 2530
1735 2939
1736 2052
1736 2422
1736 2996
1737 1982
1737 2057
1737 2403
1737 2865
1738 1852
1739 2217
1740 2146
1740 2244
1740 2415
1740 2617
1740 2790
1741 2601
1741 2958
1741 2975
1742 2265
1743 1818
1743 2829
1744 1758
1744 1926
1744 2778
1744 2781
1745 2236
1745 2498
1745 2826
1746 2403
1746 2792
1747 2966
1748 1791
1748 2498
1748 2987
1749 1803
1751 2149
1751 2475
1751 2858
1752 1849
1752 2517
1752 2579
1752 2580
1752 2593
1752 2906
1753 2862
1753 2975
1754 2432
1754 2600
1754 2626
1755 2427
1756 2546
1756 2551
1759 2233
1759 2296
1759 2790
1759 2919
1760 2287
1760 2983
1761 1885
1761 2763
1762 2548
1762 2964
1763 2055
1763 2268
1763 2370
1764 1940
1764 2178
1764 2282
1764 2661
1764 2698
1766 1963
1766 2003
1766 2923
1767 1968
1767 2131
1767 2380
1767 2500
1768 2227
1768 2627
1768 2649
1769 1776
1769 2232
1769 2317
1769 2409
1769 2491
1770 1781
1770 1874
1770 1900
1770 2172
1771 2945
1773 2074
1773 2088
1773 2288
1773 2298
1773 2455
1774 2135
1774 2401
1774 2872
1775 1970
1776 2122
1776 2291
1777 1892
1777 2175
1778 2084
1778 2234
1778 2732
1778 2874
1779 1804
1779 2113
1779 2292
1780 2092
1781 1875
1781 2520
1781 2756
1781 2943
1782 2315
1782 2986
1783 1861
1783 2254
1783 2538
1783 2661
1783 2689
1784 2705
1784 2994
1785 2898
1786 1795
1786 1895
1786 2109
1786 2499
1787 2203
1787 2615
1787 2802
1788 1916
1788 2128
1788 2204
1788 2439
1789 2194
1790 1981
1790 2264
1790 2396
1790 2825
1792 2127
1792 2156
1793 2619
1794 2394
1794 2670
1794 2853
1795 2278
1795 2295
1795 2526
1795 2673
1795 2961
1795 2990
1796 2235
1796 2717
1797 1877
1797 2092
1797 2408
1797 2917
1797 2939
1798 1934
1798 2391
1799 1975
1800 1811
1800 2173
1801 2881
1802 2339
1802 2697
1803 2092
1803 2093
1804 2135
1804 2199
1804 2509
1804 2524
1805 1824
1805 2017
1805 2129
1805 2810
1805 2880
1806 2907
1807 1850
1807 2143
1807 2481
1807 2525
1808 1845
1808 1925
1808 2415
1808 2774
1808 2975
1809 2157
1810 2490
1811 1938
1811 2683
1811 2898
1812 2964
1813 2365
1813 2624
1813 2656
1814 2377
1814 2843
1815 2142
1815 2432
1815 2557
1816 2682
1816 2816
1817 2026
1818 1985
1818 2016
1818 2110
1819 1992
1819 2285
1819 2791
1819 2792
1820 2461
1820 2897
1821 1885
1821 2113
1822 2100
1823 2232
1823 2671
1823 2948
1824 2030
1824 2480
1825 2204
1825 2788
1826 1944
1826 2175
1826 2338
1826 2661
1828 2036
1828 2135
1828 2339
1828 2704
1828 2715
1829 2467
1830 2336
1831 1902
1831 2841
1831 2918
1831 2940
1833 2061
1834 1928
1834 1987
1834 2034
1834 2333
1834 2342
1834 2352
1834 2395
1834 2471
1834 2850
1834 2884
1835 1922
1835 1933
1835 2117
1835 2701
1835 2941
1836 2268
1836 2505
1836 2596
1837 2034
1837 2097
1837 2624
1838 1928
1839 2936
1841 2112
1841 2157
1841 2659
1842 1843
1842 2096
1842 2306
1842 2401
1842 2662
1842 2973
1843 2180
1843 2977
1844 2074
1844 2717
1845 2304
1845 2953
1846 1907
1848 2662
1849 2041
1850 1978
1850 2111
1850 2430
1850 2471
1851 2543
1851 2630
1851 2739
1852 2348
1852 2544
1852 2581
1853 2232
1854 1885
1854 2091
1854 2427
1854 2542
1854 2580
1855 2029
1855 2509
1855 2591
1855 2719
1856 1889
1856 2108
1856 2181
1857 2495
1857 2990
1858 2465
1858 2576
1858 2951
1858 2964
1859 1864
1859 2352
1859 2439
1860 2038
1860 2718
1861 2078
1861 2179
1861 2253
1862 2115
1862 2767
1863 2220
1863 2253
1864 2134
1864 2697
1864 2884
1865 2191
1865 2718
1865 2961
1866 2133
1866 2541
1867 2278
1868 2157
1868 2348
1869 2441
1870 1986
1871 1951
1871 1979
1871 2222
1871 2352
1871 2685
1871 2855
1873 2472
1873 2997
1874 2551
1874 2769
1874 2907
1875 2030
1875 2118
1875 2706
1875 2759
1875 2805
1875 2860
1876 2125
1876 2836
1877 1898
1877 2213
1877 2258
1877 2314
1877 2399
1877 2774
1877 2882
1878 2205
1878 2289
1878 2298
1878 2444
1879 2784
1880 1983
1880 2578
1880 2749
1881 2043
1881 2447
1881 2488
1882 2338
1882 2978
1883 2190
1883 2302
1883 2537
1883 2677
1885 2095
1886 2977
1887 2520
1888 2581
1888 2877
1888 2999
1889 2565
1890 2375
1890 2416
1890 2741
1890 2909
1891 2106
1891 2730
1891 2986
1892 2202
1892 2944
1894 2088
1894 2094
1894 2166
1894 2320
1895 1911
1895 1951
1895 1969
1895 2501
1895 2982
1896 1977
1896 2538
1897 1977
1897 2927
1898 2062
1898 2206
1898 2217
1898 2465
1899 2255
1899 2402
1899 2405
1899 2556
1899 2888
1900 2378
1900 2933
1900 2954
1901 2894
1902 1915
1902 1938
1903 1982
1903 2197
1903 2982
1904 2866
1905 2888
1906 1990
1906 2114
1906 2693
1906 2789
1907 2225
1908 2521
1908 2824
1908 2832
1909 1930
1909 2401
1911 2060
1912 1920
1912 1954
1912 2196
1912 2574
1913 2184
1913 2428
1913 2649
1913 2894
1914 2013
1914 2640
1914 2902
1915 2020
1915 2294
1915 2664
1917 2101
1917 2580
1917 2758
1917 2940
1918 2326
1918 2511
1918 2703
1919 2999
1920 2863
1921 1962
1921 2004
1921 2166
1921 2599
1921 2608
1921 2910
1922 2246
1922 2894
1922 2922
1922 2985
1923 2002
1923 2458
1923 2687
1923 2744
1923 2760
1923 2799
1923 2878
1925 2072
1926 1974
1926 2208
1926 2732
1927 2889
1928 2454
1929 2972
1930 2751
1930 2980
1931 2663
1932 2125
1933 2084
1933 2369
1933 2650
1933 2697
1934 2945
1936 2417
1937 2036
1938 2089
1938 2350
1939 2318
1939 2607
1939 2918
1940 2473
1940 2860
1941 2688
1942 2127
1943 1949
1943 2036
1944 2467
1944 2546
1944 2923
1945 2381
1946 2606
1946 2832
1949 2021
1949 2050
1949 2421
1949 2991
1950 2384
1950 2468
1950 2569
1951 2034
1951 2792
1952 2604
1952 2702
1952 2795
1953 2182
1955 2415
1955 2637
1956 2306
1956 2370
1956 2482
1956 2558
1956 2759
1956 2824
1957 2393
1957 2702
1957 2773
1957 2967
1958 2071
1958 2299
1958 2790
1959 2849
1959 2854
1960 2888
1961 2826
1962 2751
1963 2170
1963 2201
1963 2467
1963 2517
1963 2964
1964 2241
1964 2577
1964 2583
1964 2952
1965 2588
1965 2930
1965 2970
1966 2084
1966 2913
1967 2582
1969 2767
1969 2898
1970 2169
1970 2228
1970 2328
1970 2939
1972 2151
1972 2253
1972 2414
1973 2860
1973 2923
1974 2011
1974 2873
1975 2074
1975 2307
1975 2432
1975 2566
1975 2599
1978 2254
1978 2367
1978 2698
1979 2007
1979 2031
1979 2074
1979 2591
1980 2877
1981 2625
1982 2012
1982 2052
1982 2242
1983 1987
1983 2220
1983 2770
1984 2253
1984 2274
1984 2430
1984 2761
1985 2227
1986 2302
1986 2504
1987 2367
1987 2735
1988 2002
1988 2306
1988 2397
1989 2413
1989 2718
1989 2883
1989 2908
1990 2181
1990 2699
1991 2714
1992 2434
1993 2375
1993 2567
1993 2669
1993 2703
1994 2778
1995 1998
1995 2322
1996 2293
1996 2500
1996 2763
1997 2254
1997 2279
1998 2090
1998 2170
1998 2195
1998 2386
2000 2372
2001 2130
2001 2327
2001 2751
2001 2873
2002 2377
2002 2711
2003 2567
2003 2850
2003 2960
2004 2201
2004 2575
2005 2096
2005 2428
2005 2873
2005 2906
2005 2924
2007 2338
2008 2078
2008 2082
2008 2331
2008 2451
2009 2257
2009 2585
2010 2108
2010 2422
2010 2778
2011 2924
2012 2141
2012 2909
2012 2937
2013 2120
2013 2522
2013 2748
2013 2847
2013 2878
2014 2146
2014 2643
2015 2628
2015 2802
2015 2867
2016 2082
2016 2143
2017 2161
2017 2545
2018 2316
2018 2855
2019 2223
2019 2232
2020 2940
2021 2101
2021 2401
2021 2479
2021 2481
2021 2507
2022 2364
2022 2703
2022 2736
2022 2955
2023 2648
2024 2385
2024 2434
2025 2640
2025 2720
2025 2738
2026 2722
2027 2046
2027 2270
2027 2897
2027 2941
2028 2558
2029 2080
2029 2294
2029 2537
2029 2634
2030 2112
2030 2155
2030 2557
2030 2986
2031 2458
2031 2991
2034 2119
2034 2426
2034 2628
2034 2687
2035 2190
2035 2391
2036 2169
2036 2347
2037 2165
2037 2350
2037 2404
2037 2503
2038 2279
2038 2498
2038 2517
2039 2392
2039 2709
2041 2128
2041 2463
2041 2589
2042 2057
2042 2664
2044 2306
2044 2983
2044 2990
2045 2123
2046 2234
2046 2316
2046 2551
2047 2427
2048 2608
2049 2767
2050 2654
2050 2722
2050 2788
2051 2379
2051 2401
2051 2921
2052 2173
2052 2597
2052 2648
2052 2835
2053 2090
2053 2422
2053 2456
2054 2178
2054 2837
2054 2936
2055 2365
2055 2443
2055 2449
2056 2059
2056 2217
2056 2970
2057 2658
2057 2670
2057 2904
2057 2917
2058 2578
2058 2685
2058 2822
2059 2063
2059 2188
2059 2388
2059 2396
2059 2446
2059 2894
2059 2922
2061 2244
2061 2267
2061 2698
2061 2707
2063 2086
2063 2641
2064 2295
2064 2348
2064 2661
2065 2430
2065 2559
2066 2505
2067 2324
2067 2477
2067 2541
2067 2627
2067 2642
2068 2320
2068 2675
2069 2596
2069 2708
2069 2899
2070 2675
2071 2227
2071 2691
2071 2733
2071 2916
2072 2164
2072 2478
2072 2727
2072 2896
2072 2948
2072 2959
2073 2391
2074 2930
2075 2126
2075 2131
2075 2280
2076 2122
2076 2605
2077 2388
2078 2212
2078 2384
2078 2555
2078 2749
2079 2092
2079 2287
2079 2364
2079 2474
2079 2774
2080 2553
2081 2317
2081 2411
2081 2630
2081 2904
2081 2954
2082 2144
2082 2826
2083 2694
2083 2783
2083 2968
2083 2984
2084 2100
2084 2186
2084 2370
2084 2454
2085 2949
2087 2300
2087 2596
2088 2286
2088 2791
2088 2838
2089 2363
2089 2843
2089 2854
2090 2092
2090 2335
2090 2555
2090 2587
2091 2427
2092 2389
2092 2806
2092 2825
2093 2802
2093 2815
2093 2891
2094 2522
2095 2585
2095 2894
2096 2239
2096 2282
2097 2375
2097 2672
2097 2863
2098 2259
2098 2505
2098 2803
2099 2325
2099 2345
2099 2356
2101 2341
2101 2348
2101 2675
2102 2353
2102 2557
2104 2472
2104 2776
2106 2353
2106 2850
2107 2179
2107 2197
2107 2526
2109 2859
2110 2300
2110 2646
2111 2145
2111 2677
2112 2695
2112 2918
2113 2671
2113 2937
2114 2825
2115 2693
2115 2700
2116 2135
2116 2244
2116 2926
2118 2477
2118 2627
2119 2149
2119 2239
2119 2278
2120 2212
2120 2591
2121 2411
2121 2487
2122 2220
2123 2828
2124 2460
2124 2564
2124 2630
2124 2841
2124 2994
2125 2346
2125 2428
2125 2754
2126 2709
2128 2309
2128 2960
2129 2258
2129 2338
2129 2537
2130 2706
2131 2309
2131 2705
2132 2199
2133 2459
2133 2708
2133 2827
2134 2525
2134 2563
2135 2647
2135 2963
2136 2289
2136 2417
2136 2571
2137 2413
2137 2646
2137 2890
2138 2619
2138 2850
2139 2975
2139 2979
2140 2868
2140 2895
2140 2951
2141 2271
2141 2583
2142 2149
2143 2156
2144 2261
2144 2312
2144 2320
2144 2524
2144 2562
2144 2724
2145 2629
2146 2930
2148 2231
2148 2368
2148 2801
2148 2924
2149 2245
2150 2579
2150 2677
2150 2980
2151 2184
2151 2240
2151 2548
2152 2402
2152 2668
2152 2804
2152 2971
2154 2357
2157 2194
2158 2401
2158 2576
2158 2991
2159 2405
2159 2644
2160 2325
2160 2395
2160 2491
2160 2566
2162 2441
2162 2743
2163 2243
2163 2442
2164 2197
2164 2200
2164 2307
2165 2334
2165 2736
2166 2194
2166 2337
2166 2894
2167 2647
2168 2196
2170 2178
2170 2722
2171 2486
2171 2624
2172 2210
2173 2361
2173 2867
2174 2474
2174 2851
2175 2512
2176 2397
2176 2913
2177 2662
2178 2186
2178 2551
2178 2581
2179 2299
2180 2435
2181 2437
2181 2803
2182 2568
2184 2276
2184 2997
2185 2333
2185 2820
2186 2803
2187 2854
2188 2197
2188 2269
2188 2365
2188 2376
2188 2415
2188 2549
2188 2886
2190 2402
2190 2998
2191 2451
2191 2817
2191 2851
2192 2518
2192 2569
2192 2570
2194 2336
2194 2727
2194 2831
2195 2361
2196 2396
2197 2331
2198 2225
2198 2755
2199 2376
2199 2555
2200 2538
2200 2818
2201 2341
2202 2425
2202 2448
2205 2697
2205 2866
2206 2488
2207 2256
2208 2276
2208 2352
2208 2810
2208 2883
2209 2576
2210 2961
2211 2425
2212 2240
2213 2280
2213 2354
2213 2500
2213 2838
2214 2240
2214 2670
2216 2302
2216 2306
2216 2349
2217 2695
2217 2954
2219 2470
2219 2602
2219 2873
2221 2246
2223 2433
2224 2778
2224 2990
2225 2281
2225 2459
2225 2907
2226 2231
2226 2268
2226 2948
2227 2863
2228 2617
2229 2570
2229 2831
2230 2681
2233 2521
2234 2411
2234 2422
2234 2973
2235 2579
2235 2718
2235 2728
2236 2308
2236 2309
2236 2638
2237 2386
2237 2549
2238 2551
2238 2815
2239 2502
2239 2831
2239 2883
2240 2399
2240 2544
2241 2386
2241 2824
2241 2866
2241 2998
2242 2326
2242 2633
2242 2964
2244 2473
2244 2550
2244 2643
2245 2416
2245 2687
2245 2751
2245 2813
2246 2628
2247 2405
2247 2559
2248 2472
2248 2698
2248 2715
2248 2970
2249 2704
2251 2648
2251 2858
2251 2983
2253 2359
2253 2512
2253 2848
2254 2448
2254 2896
2255 2616
2257 2259
2258 2691
2258 2834
2258 2900
2260 2819
2261 2335
2261 2525
2261 2567
2261 2669
2261 2816
2261 2966
2264 2413
2264 2809
2264 2939
2265 2578
2265 2600
2265 2656
2265 2951
2266 2355
2266 2366
2266 2549
2266 2927
2268 2451
2271 2493
2271 2553
2271 2587
2271 2778
2272 2356
2272 2638
2274 2334
2276 2370
2276 2853
2276 2992
2277 2292
2277 2436
2279 2477
2280 2308
2280 2464
2281 2566
2281 2871
2283 2640
2283 2732
2283 2889
2284 2946
2284 2953
2285 2477
2285 2732
2285 2892
2286 2366
2286 2830
2287 2705
2287 2809
2287 2877
2288 2388
2288 2945
2289 2523
2290 2353
2290 2401
2290 2900
2291 2795
2291 2865
2291 2961
2292 2705
2292 2875
2292 2978
2293 2355
2294 2450
2294 2462
2295 2609
2295 2654
2295 2779
2296 2514
2297 2437
2297 2933
2298 2384
2298 2558
2298 2835
2298 2853
2299 2742
2299 2888
2300 2742
2301 2386
2301 2454
2302 2630
2303 2773
2303 2858
2304 2680
2304 2744
2305 2580
2306 2928
2310 2679
2313 2672
2314 2635
2314 2899
2315 2804
2316 2706
2317 2784
2318 2587
2319 2364
2319 2657
2319 2786
2320 2380
2320 2538
2320 2746
2322 2407
2322 2730
2322 2826
2323 2661
2325 2365
2325 2692
2325 2842
2328 2437
2328 2513
2328 2568
2329 2366
2329 2588
2330 2420
2330 2706
2332 2528
2332 2782
2333 2454
2333 2858
2334 2582
2334 2858
2334 2902
2335 2481
2336 2457
2336 2653
2336 2791
2336 2840
2336 2936
2338 2665
2338 2906
2339 2641
2340 2889
2341 2460
2341 2829
2343 2767
2344 2376
2344 2718
2345 2966
2345 2995
2346 2421
2346 2621
2347 2484
2347 2669
2347 2989
2348 2584
2349 2942
2349 2960
2351 2616
2352 2524
2353 2612
2353 2638
2354 2823
2356 2372
2356 2415
2356 2591
2358 2641
2360 2977
2361 2514
2361 2620
2361 2842
2363 2913
2365 2995
2366 2895
2367 2480
2368 2758
2368 2996
2370 2475
2370 2791
2371 2521
2371 2619
2371 2936
2373 2416
2374 2809
2375 2604
2375 2724
2376 2646
2377 2889
2379 2603
2380 2496
2381 2530
2381 2584
2382 2607
2382 2869
2382 2919
2383 2544
2383 2551
2384 2791
2385 2568
2385 2698
2387 2876
2389 2433
2390 2465
2390 2871
2391 2812
2391 2898
2392 2559
2394 2724
2395 2843
2396 2454
2396 2539
2396 2891
2396 2936
2397 2806
2398 2978
2399 2675
2399 2946
2401 2839
2401 2855
2402 2477
2402 2957
2403 2805
2404 2658
2404 2903
2405 2447
2406 2796
2408 2747
2411 2639
2411 2916
2412 2535
2412 2755
2412 2832
2413 2496
2413 2576
2413 2758
2413 2884
2414 2668
2414 2815
2414 2942
2415 2504
2415 2679
2415 2942
2416 2760
2417 2744
2418 2534
2418 2614
2418 2726
2419 2560
2419 2855
2420 2454
2420 2766
2421 2710
2422 2738
2423 2464
2424 2873
2425 2506
2428 2781
2430 2487
2431 2895
2432 2554
2434 2442
2436 2883
2439 2796
2440 2794
2440 2880
2442 2582
2442 2796
2443 2659
2443 2775
2444 2901
2445 2695
2447 2907
2448 2596
2449 2691
2451 2591
2451 2700
2453 2922
2455 2685
2456 2468
2457 2580
2458 2539
2458 2805
2460 2575
2460 2738
2460 2848
2461 2673
2462 2638
2464 2540
2464 2854
2465 2511
2465 2580
2466 2525
2466 2783
2466 2885
2467 2577
2468 2583
2469 2870
2471 2723
2474 2488
2474 2519
2474 2766
2474 2987
2475 2637
2475 2763
2477 2489
2477 2638
2481 2983
2483 2520
2483 2702
2484 2887
2485 2679
2486 2788
2489 2946
2490 2571
2490 2812
2491 2731
2492 2895
2494 2883
2497 2705
2497 2891
2497 2915
2497 2942
2498 2830
2499 2878
2499 2899
2500 2690
2501 2798
2501 2818
2502 2768
2502 2987
2503 2779
2503 2828
2504 2598
2505 2751
2506 2589
2506 2627
2507 2793
2508 2879
2509 2530
2509 2531
2509 2610
2509 2668
2509 2671
2509 2691
2509 2858
2510 2784
2510 2916
2511 2998
2512 2649
2513 2731
2513 2995
2514 2776
2514 2858
2520 2755
2522 2647
2522 2881
2524 2975
2526 2704
2528 2968
2529 2652
2529 2727
2529 2772
2529 2788
2531 2657
2531 2660
2532 2909
2532 2972
2534 2749
2535 2632
2535 2889
2536 2640
2538 2773
2538 2973
2539 2592
2539 2756
2539 2763
2540 2846
2541 2989
2542 2931
2543 2545
2543 2742
2543 2757
2543 2993
2544 2546
2544 2550
2545 2576
2545 2945
2546 2692
2547 2840
2549 2989
2550 2592
2550 2893
2552 2778
2555 2648
2555 2989
2556 2647
2557 2679
2559 2702
2560 2974
2561 2935
2564 2851
2565 2664
2568 2938
2573 2956
2574 2837
2576 2804
2577 2733
2578 2977
2579 2898
2580 2906
2581 2604
2581 2856
2582 2736
2582 2983
2584 2823
2584 2844
2585 2724
2586 2652
2588 2730
2591 2920
2592 2603
2592 2936
2592 2997
2593 2647
2593 2685
2593 2914
2593 2989
2594 2743
2595 2762
2595 2827
2595 2941
2597 2875
2598 2851
2599 2626
2599 2706
2601 2997
2602 2683
2602 2878
2603 2754
2606 2805
2606 2858
2607 2979
2607 2994
2608 2655
2608 2779
2611 2628
2613 2660
2613 2888
2616 2707
2616 2811
2618 2873
2619 2653
2620 2964
2621 2733
2621 2756
2623 2652
2623 2988
2624 2848
2625 2841
2626 2741
2626 2882
2628 2804
2628 2827
2629 2835
2630 2722
2632 2645
2632 2875
2635 2649
2635 2761
2636 2762
2637 2931
2639 2866
2639 2878
2644 2799
2645 2670
2645 2974
2646 2720
2646 2779
2646 2858
2646 2913
2647 2653
2649 2668
2649 2984
2650 2654
2651 2917
2654 2813
2654 2915
2654 2960
2655 2914
2656 2902
2656 2928
2658 2720
2659 2793
2660 2750
2660 2934
2662 2682
2663 2838
2664 2665
2664 2950
2665 2929
2665 2951
2666 2685
2667 2691
2668 2867
2670 2760
2672 2760
2672 2803
2674 2894
2675 2686
2675 2773
2676 2801
2676 2887
2677 2874
2678 2755
2678 2859
2680 2682
2680 2953
2685 2733
2686 2697
2687 2872
2688 2769
2689 2790
2692 2916
2694 2727
2695 2802
2697 2905
2698 2821
2699 2732
2700 2847
2701 2805
2701 2971
2702 2860
2703 2966
2706 2980
2707 2840
2707 2978
2711 2717
2712 2985
2713 2734
2713 2755
2714 2838
2715 2842
2717 2799
2721 2755
2722 2823
2722 2980
2723 2922
2723 2923
2724 2835
2725 2756
2732 2869
2734 2776
2735 2845
2738 2987
2740 2778
2741 2799
2745 2933
2746 2776
2746 2841
2747 2915
2750 2838
2751 2812
2751 2844
2756 2808
2759 2772
2760 2863
2760 2880
2763 2899
2769 2816
2778 2861
2781 2799
2783 2840
2787 2882
2790 2792
2795 2942
2798 2956
2809 2992
2811 2843
2815 2860
2821 2948
2822 2952
2825 2873
2825 2936
2826 2920
2827 2875
2830 2852
2832 2934
2837 2912
2842 2964
2844 2906
2857 2862
2858 2897
2859 2881
2859 2911
2861 2883
2861 2930
2862 2882
2862 2946
2865 2908
2871 2986
2872 2945
2875 2907
2876 2877
2879 2934
2880 2991
2884 2890
2894 2924
2898 2972
2900 2988
2903 2965
2914 2986
2917 2923
2935 2980
2938 2998
2948 2978
2961 2968
